851930401251885
851930404498568
851930404488246
851930404488528
851930404488666
851930404489122
851930404489138
851930404490587
851930404490617
851930404490704
851930404490795
851930404491139
851930404491202
851930404491206
851930404491232
851930404491419
851930404491475
851930404492707
851930404493156
851930404493313
851930404466964
851930404466991
851930404467427
851930404467486
851930404483414
851930404485397
851930404493352
851930404493595
851930404494880
851930404504426
851930404525572
851930404485793
851930404486666
851930404487243
851930404487301
851930404516080
851930404452683
851930404468162
851930404529140
851930404531304
851930404545236
851930404623084
851930404624377
851930404625383
851930404621454
851930401955648
851930402038677
851930401989582
851930402195137
851930402218046
851930402349216
851930404234905
851930401393764
851930401457856
851930404508921
851930404496855
851930404536052
851930404242505
851930404241130
851930402827858
851930404237740
851930404255361
851930404489112
851930404489136
851930404490111
851930404490376
851930404491570
851930404492703
851930404466973
851930404483787
851930404486051
851930404486541
851930404487265
851930404535830
851930404631780
851930404571190
851930401820340
851930401942374
851930402834127
851930404306117
851930404526663
851930404507035
851930404535789
851930404631062
851930401834423
851930404239919
