X_EXTID
295797907
3930340768
3931174100
3944381459
3945216139
3946036539
3946862179
3948710967
3968846122
3970525348
3970525984
3971351800
4004323249
4004323542
4005156028
4007058036
4008596780
218743645
219151463
4027299382
4027956398
219008607
4028126168
4028128110
4028132226
4028168289
4028211858
4028218825
219103439
4029306602
219139489
218784231
218887995
218948873
218771623
218576481
218914371
218779825
219248223
219145775
219066895
219179131
218832619
218616951
219066529
218714313
218685311
219105113
219118039
218832171
219227513
218981349
218626479
218888827
218646609
218855739
218882159
218587115
218895957
218890965
218333607
218946609
219175007
219063027
218727579
219131821
219158031
218849163
218707467
219089455
218746615
219044341
218863585
218504515
219182731
218672801
219203493
218965977
218813177
219041233
218930777
219139121
218912517
219107215
219116501
218597005
218905179
219139479
219003371
218803015
219174875
4031819478
219008523
219008517
219008505
219008503
4046618840
219008435
219008411
219008379
4046740773
4046741325
219120775
219008333
219008307
219008305
4047048619
218694223
219170363
219008287
219008281
219008271
219008247
219008197
219008163
219008153
219008137
219008135
4048544429
4048550609
219008125
219008111
218858311
219008097
219008091
219008077
4048798786
218793641
218967727
219045671
218755639
219008035
219242935
218476051
219211063
298062793
4049873098
4050067755
218718291
219134507
218725469
219169049
219186689
219008013
218978101
218846767
218694629
219008007
219007997
218325589
218848349
219007991
4051503209
218682205
218968825
218637255
219063989
219068319
218690307
219238193
218809675
218803927
219146199
219117811
219198691
219180945
218998789
295795347
295793045
295798319
295794069
4052602730
4052708002
299733880
299733936
299569449
4053066747
4070246019
295797331
299202034
299061856
4148296941
4149294042
2926261615
2901148870
2927563430
2928089430
2928158781
2932558303
2934816702
4169756331
2955637626
2955639604
2955667261
2958774762
2959127318
2961158796
4171000101
2978856280
2978879879
2978938153
2979083100
2988130581
3067144472
3067856180
4172015039
4172007603
3069449267
4178777482
299062380
298540289
4181315953
299309331
219197271
4182039334
219097285
218980503
218647627
219078375
4182299438
4182300213
4182598346
4182635705
219166475
4182783657
4182797240
4182802809
4182814188
4182837155
4187731901
218713717
4187751790
219052175
218896419
4188288936
4188291898
4188293522
4188393124
219113467
4188760301
4188760917
4188766730
2927662499
4189166303
4189381393
4189391271
4189405750
4189691388
4189854192
4189907250
4189938062
4189964668
4189971923
4189992316
4189999448
4190026112
4190113501
4190115237
4190148949
4190157867
4190158090
4190158158
4190203136
219007995
4190239639
4190326784
4190440955
4190452491
4190456294
4190519046
4190527523
4190537824
4190552284
218550347
4190577824
4190578981
4190586582
4190595349
4190637683
295793197
295794867
4190646532
4190650284
219058975
4190663595
4190666005
4190673166
4190679085
299065358
4191103310
4191117986
4191120399
4191120443
4191122943
1226231553
4277957111
4213795308
4245872905
4194549863
4600312958
4591830029
4318032946
4491097749
4194596397
4194597513
2922754762
4194604437
4194605031
4194607980
2939642098
2940533988
4194630772
4194635670
4194645558
3046832254
4194663922
4194669181
4194674222
4194681016
4194692564
4194690391
3120727488
4194708180
4194719968
4194724645
4194734487
4194734748
4194744459
4194755886
4194768567
4194768868
4194785450
4183156303
4183158291
4183194435
4187877220
4188003898
4188750476
4189371630
4190013714
4190110488
4190215606
4190212298
4190247547
4190247569
4190600148
4194882058
4196593819
4206747443
4206818647
4206820091
4206980912
4206984642
4207063401
4207421352
4207542586
4207673532
4208364926
4208494722
4208833953
4208854725
4209316386
4213588386
4213784779
4213789535
4213811158
4214269354
4214178104
4214297570
4214420548
4214729564
4223679564
4215126335
4215425256
4215673745
4215682708
4223013180
4223149236
4223154288
4224151309
4224308731
4224296877
4224477106
4224493767
4224684404
4225173598
4225185183
4224613332
4231121766
4231512091
4233107248
4233278285
4256898362
4257899215
4264982115
4289583641
4336750382
4336815669
4345113100
4352149137
4363388161
4371552097
4374401154
4379404611
4379794450
4380263851
4463012833
4464496415
4470079892
4470158183
4470166755
4470641848
4485900047
4485931108
4488128785
4489573749
4491407701
4497938395
4498217082
4498333033
4499183280
4504983800
4505866519
4515484260
4515658020
4515667671
4522260232
4523182243
4523400021
4524193702
4537242315
4537368702
4545033072
4545161600
4553635267
4564342826
4564343881
4564799080
4565208537
4565225989
4565262030
4566824032
4566922890
4567140325
4572005230
4572000099
4578239259
4578322587
4578807149
4579852340
4579849887
4580364351
4581513985
4581551750
4590373154
4599075903
4611020831
4611251563
4614319945
4708123169
4195133061
4195135797
4195159669
218813059
4195419839
4196690708
4196713606
4196723656
4196725939
4196728896
4196735165
4196742300
4196745565
4196750271
4196774791
218517393
4206742773
4206744157
4206744195
219009913
4206751679
4206759271
4206763748
4206764556
218769545
219168981
218686993
219012793
218935809
219213535
218682931
219068581
218974437
218678589
219102835
218542283
4206766156
4206767483
4206770696
4206771529
4206776349
219053597
4206788873
219220243
4206789320
218698055
4206795778
4206815149
4206816378
218928211
4206817350
4206828049
4206829687
218388927
4206838075
218604551
218681201
219015697
219192101
218915351
218919949
219153511
218463445
219206117
218829039
218847247
218840681
219202219
218828097
218999493
218703755
219133709
219202525
218666975
219249361
218482253
218996815
219217001
219073217
219099513
218644355
218755757
218868591
219206707
219082213
218989323
219020661
218976253
219161743
219071029
218783367
218621493
218422361
218872503
218765715
219180983
218375027
4206861254
4206862422
4206864990
218929177
4206866648
4206869620
219063547
4206874944
219230981
219118421
218616247
219249323
4206960898
219002043
218542495
218961703
219092827
218654525
218758477
219098095
4206987718
4206992396
219202725
219199871
219169945
218595155
219236747
218788821
219072427
218994421
218749829
219245323
218830737
219166635
218777109
219120089
218701523
219163771
219095019
218542023
219141099
218391757
219065669
219006239
219063729
219253411
218432073
4207001854
218664105
219018859
219208805
219044619
219051135
219173969
219172877
219185145
218836943
218931253
219002857
218838215
219236605
219195643
218540533
218960873
218698181
219227953
218799503
218701147
218860911
218853777
218695581
219245301
219010907
218842553
218958895
218899333
219191623
218528031
218515009
219185709
218732707
218923777
219221337
219040709
219227021
218623761
219031195
218915317
218788191
219057871
219027113
218990811
219110309
219000849
219237315
218746385
219201403
219156609
218869653
218458051
218836335
218763143
218320923
218722381
218855611
219026851
218879905
218575839
219218709
218805047
219045691
218794657
218636433
218584873
218923465
218822305
218999381
219037647
219063417
219156209
218772551
218889677
219206017
219038211
219047549
219171795
218999983
218876241
218784115
218671443
218975647
218753691
218901053
218954495
218912147
219106307
218872601
218555869
219183667
219109371
218610063
218957351
219085631
218942167
218881159
218789315
219086597
218638247
218937893
218764737
218907721
219152705
219208763
218958335
218802841
218529831
219121619
218637123
218965995
219070911
218320683
219046215
219234471
219155619
219226105
219227941
218801629
219161495
219060077
218749217
218943625
218872529
218663753
218899081
219034175
218961125
218945821
219153251
219049425
219051391
219171117
218763965
218994025
219025619
218829559
219201749
218666225
219075197
219228935
218669213
219057433
219134321
219009549
218824413
218735933
218777283
218903325
218998669
218398275
218700075
218822361
219037641
218826925
218932641
219066581
219123037
218797371
219201771
219106349
219242433
218980981
218702125
218867109
219048949
218477293
218759913
219120945
219222751
218505077
218752163
219117211
218708983
219099087
218999767
218711175
218844993
218718073
218938187
219248087
218799437
218831717
218606567
219136213
218842945
219153859
218926843
219013285
219182235
219064369
218905183
219246971
219247545
218761925
218828327
219202461
219045847
218976187
218435287
218677729
219020851
218570579
218902629
219118323
218815011
218736363
219188573
219240163
218398463
219209597
219143637
218950219
218535385
218975381
219169623
218999625
292449667
1570225530
4207152553
219027909
218858605
218557745
4207216529
218590343
4207263679
218503815
4207269412
219148607
4207278603
219010193
4207283351
4207286741
4207298492
218825585
219065787
4207300762
4207319370
4207323416
4207325197
219177957
4207404601
4207414251
4207423586
4207434091
4207438882
4207454399
218637891
219190131
4207473490
4207479063
219009739
218970653
4207500159
4207533588
4207535944
218512871
218972759
4207554678
4207555790
4207569109
218859077
4207579375
2916190536
4207588723
4207645025
219108843
219094737
4207655126
4207658986
219125241
4207662740
4207665039
4207668149
4207670894
4207676169
4207679649
4207680925
4207682228
4207683605
4207686540
4207686695
4207688234
4207689108
219045549
4207691478
219228793
2330480817
4207695824
4207699844
4207702496
4207704711
4207763693
218820669
4207768163
4207770215
4207772162
4207780894
4207784248
4208130997
4208135423
4208143706
4208144270
4208149122
4208187720
4208240003
219136167
4208246994
219048789
219009873
4208254381
4208254856
219047433
4208255931
4208261809
4208263111
219214049
4208269359
218528495
4208271625
4208272474
219115917
4208280589
219068171
4208283088
4208282239
218742357
218992271
4208300126
4208303600
4208309147
4208310890
218604447
219068583
4208348920
4208359142
219229055
4208360053
4208360471
4208360779
4208361415
219099355
4208365510
218835637
4208401851
4208412953
4208493492
219220159
219079225
4208502189
4208507610
219254097
219177415
4208521848
218945691
4208529817
4208534538
4208547675
4208615641
4208708125
4208710907
219152451
4208720870
4208730547
4208801879
4208823720
4208827032
4208829349
4208830266
219079883
4208916525
4208920109
4208919885
4208923644
4208927045
4208927462
4208927588
4208936786
4208943413
4208942928
4208946832
4208948922
4208953870
4208956950
4208961239
4208963302
4208964754
4208965137
4208965156
4208967476
4208971780
4209262620
218824003
4209266195
4209282872
4209284128
4209289894
4209297230
4209299055
4209299664
4209302059
4209311481
4209306266
4209325248
4209329087
4209330522
4209344740
4209363291
4209370487
4209371422
4209377908
4209378993
4209378662
4209379331
4209380253
4209380860
4209384224
4209385997
219006747
4209394032
4209530763
4209533142
4209533618
4209537381
4209541410
4209542676
4209545283
4209545400
4209546659
4209551548
219031945
4212665148
218554641
219120953
218833809
218957127
4212678923
219067333
4212680726
4212687630
4212738600
4213527693
4213531559
4213532389
4213546670
4213547661
4213549011
219124253
4213551980
4213554290
4213591603
219009949
4213608870
4213610927
4213611708
4213613507
4213616056
4213617583
4213629600
4213630294
219239457
218383505
4213642684
4213644521
4213645662
219059921
4213677437
4213677797
219197161
4213681251
4213684944
4213686317
4213687397
4213689369
4213690174
4213694740
4213698844
4213700201
4213702505
218705571
4213722990
219118803
4213723988
4213724197
4213724117
4213724766
4213725314
4213725689
219130181
218762919
4213729898
4213733712
2968151883
4213734319
4213735154
3107946517
219181341
3082946784
3140656852
3081275034
4213739556
219146655
4213782329
3111121140
3154166650
3076943332
3123388229
4213789787
3109493321
3111811290
3076992260
4212699337
3107941636
4213800295
3124545114
4213801076
3075437368
4213802651
4213803602
3109830646
3139997364
4213806611
3084693795
3110882654
3113134511
3089781761
3112857210
4213819137
4352147995
2926189272
2926475057
2926655433
2926693391
2927460190
2927459574
2927457272
2927586692
2927585922
2927585235
2927583697
2932536105
2932192103
2932195674
2932402511
2932588285
2932465823
2933761164
2933834670
2933965085
2934164615
2934166070
2934365699
2934381525
2934372646
2934373445
2934391470
2934392562
2934392908
2934815679
2935142166
2935532717
2939045600
2939049323
2939098315
2939155971
2939469455
2939163323
2939156760
2939216739
2939273581
2939445875
2939460361
2939477603
2939539830
2939592019
2939598100
2940398089
2940519699
2940623875
2940593145
2940637621
2940613008
2940637600
2940636121
2941410772
218505631
2945447901
2945741621
2945878706
2945987667
2946074230
2946089849
2946393930
2946394558
2946841251
4213841592
2947464764
2947464465
2947562909
2947591221
2947580023
2952338503
2952338699
4213842448
2952893953
2953356994
2953404177
2953588438
2953802672
2953828350
2953908743
2954369707
2954415206
2954728346
2955655317
2955656641
2958242556
2959034887
2959032942
2959064226
2959070787
2959077599
219248273
2959119595
2959123943
2959191119
2959188736
2959179061
2959180607
2959219656
2959217187
2959416641
2959257524
2959261270
2959264325
2959400878
2959444703
2959539193
2959553929
2959559754
2959559837
2959554570
2960063044
2960166612
2960167041
2960283493
2960319966
2960306154
2960485700
2960663419
2960703636
2960730904
2960730952
2960810345
2960835561
2960837646
2960953332
2960923320
2961002041
2961034775
2961034903
2961073359
2961073097
2961164716
2961165386
2961165637
2961166256
2961167478
2961167811
2961168088
2965837767
2965900668
2965930968
2965942618
2966006621
219075663
2966352119
2966626704
2966854346
2966785703
2966799236
2967002328
2966878779
2967533340
2967171071
2967303576
2967304195
2967423724
2967424024
2967461799
2967531181
2967586060
2967621302
2968093134
2968096135
2968098642
2971398220
2971452860
2971688639
2972872004
2974196064
2974323939
2974361548
2974395823
2974411126
2974591235
2974589366
2974938248
2974961656
2975012670
2975153133
2975028317
2975187575
2978419944
2978454421
2978671302
2978750351
2978757650
2978842374
2978843768
2978858582
2978862444
2979078796
2979500062
2979750036
2979761603
2979823471
2980007077
2980357416
2980477196
2980478654
2980502606
2980567188
2980590963
2980627742
2980634963
2980704126
2980753289
2980955232
2985417431
2988633350
2992182089
2992491000
2992753015
2992830811
2993060796
2993182185
2993183280
2994181903
2994451109
2994451143
2994451168
2994472115
2997730527
2997710137
2997871515
2997932521
2997979292
2998579908
2998356172
2998368955
2998624641
2998625028
2999150435
2999262298
2999536652
2999676075
3000228681
3000325505
3000509253
3000533779
3010876575
3011064380
3011103013
3011282327
3011488795
3011559750
3011566785
3011695313
3011850653
3011854442
3011999631
3011817276
3011978038
3011989734
3012012767
3012305480
3012298079
3012127992
3012512091
3012519071
3012637720
3012838035
3012863416
3012973747
3013070476
3013538676
3014021447
3013566825
3013568393
3013994997
3014011312
3014023175
218972191
3014081465
3014084172
3014096091
3014098088
3014098385
3014120140
3014155917
3014175686
3014331703
3014430008
3014842170
3014850298
3018309472
3018989471
3019027896
3019089607
3019167868
3019174386
3019171038
3019285620
3019287842
3019288399
3019288551
3019289522
3020535369
3019488047
3019495150
3020403018
3020418980
3020433039
3020487870
3020473716
3020514671
3020520537
3020909912
3020849695
3020858752
3020869787
3020884720
3020897046
3020919552
3020924284
3020982281
3021056626
3021103484
3021156152
3021160950
3021359926
3021361603
3021404230
3021416386
3021848908
3022253662
3021905344
3022150375
3022427050
3022246973
3022231385
3022414102
3026116226
3026117324
3026125366
3026135456
3026137377
3026140461
3026396834
3026838850
3026853221
3026900379
3027095000
3027277761
3027307500
3027342865
3027348398
3027545994
3027540690
3028644229
3028764596
3028768192
3028824328
3028876387
3028976284
3029264500
3029065545
3029278432
3029589098
3029454590
3029461555
3029488099
3029600230
3029614565
3029686074
3029705897
3029748129
3029756617
3033192384
3034103762
3034414877
3034457429
4214048728
3041530695
3041555989
3041583660
3042350451
3046834637
3046847931
3047127383
3047251197
3047553954
3047555202
3047786367
3047978617
3048142162
3048193658
3048579093
3048602924
3048706877
3048701571
3048748895
3048877032
3048939968
3055452543
3059205244
3060019728
3060032727
3060438162
3060537712
3060635022
3061377252
3062711142
3062625162
3103975860
3067123149
3067427355
3067446911
3067809462
3067907056
3067912649
3068473805
3068784130
3068983889
3069024293
3069180675
3069186184
3069346132
3069453690
3069442883
3069937840
3069952721
3069961523
3074551364
3075071386
3075325595
3075487377
3075488960
3075507442
3075626213
3075841316
218500031
3075869464
3076644506
3076975549
3076977232
3077005255
3084458749
3085427743
3085481671
3086039677
3086207813
3086220910
3086441028
3089681669
3089684878
3089847104
3090069172
3090506522
3090504173
3090744797
3090790084
3090805171
3091142719
3091372716
3095592927
3095600150
3095897616
3095897018
3095889334
3096340526
3096592657
3096650218
3096716884
3097207806
3097867187
3097956178
219053633
3101847728
3102315310
3102327323
3102341173
3102308310
3102401636
3102400811
3102416811
3102449523
3102877990
3102883300
3103074384
3103255492
3103275439
3103362035
3103356556
3103547662
3103555370
3103566239
3103665127
3103671376
3103847741
3103854356
3103926352
3104032273
3104039013
3104046781
3104150511
3104153285
3104156516
3104161708
3104182168
3104243923
3104861648
3104921320
3104925848
3108394760
3108543183
3108568276
3108631131
3108645664
3108679165
3109138750
3109229533
3109241274
3109240344
3110667423
3110677096
3110679376
3110675351
3110691276
3110691600
3110721017
3110774122
3110807325
3110814909
3110815927
3110814152
3110831644
3110952324
3110973995
3111102760
3111110974
3111367741
3111505564
3111807929
3111812069
3111827856
3112735520
3112967649
3113015563
3113030308
3113037182
3113109610
3113112507
3113124338
3113124660
3113172262
3113879983
3113885075
3113896415
3113895985
3116030326
3116031712
3116043036
3116526522
3120676882
3120682486
3120714797
3120738489
3120738259
3120737820
3120929845
3120972700
3120987957
3121576206
3121620210
3121938226
3121947293
3122047548
3122047086
3122164673
3122165055
3122165378
3122965627
3122967665
3123133103
3123134444
3123166640
3123179912
3123190830
3124535866
3124531584
3127611029
3127617728
3128353678
3128376759
3128474778
3128512439
3128509940
3128850084
3128793233
3128814067
3128843974
3128851506
3128902914
3128911590
3128913265
3129049764
3129682521
3129911257
3129917428
3130053641
3130072074
3131149403
3131149820
3135840285
3135907150
3135907958
3135910615
3135911083
3135912799
3136337084
3136475656
3136537467
3136621359
3136681510
3136680559
3136681036
3136870764
3137124567
218924803
3137157016
3137156316
3137201141
3137220531
3137261651
3137344695
3137978964
3137980863
3137986807
3139907263
3140396451
219052943
3140509922
3140521190
3140569688
3140622655
219080401
3140681940
3140682045
3144918088
3146382766
3146547734
3146567156
3146883196
3146891137
3148999335
3147278629
3147867499
3147900670
3148186826
3148328161
3148727378
3148996086
3148989531
3148992356
3153994331
3154188517
3206596904
3307716002
3326751153
3327508198
3328749809
3331682958
3348288808
3367062469
3367061710
3470125530
3488823394
3488823851
3568042631
3587067832
3587560107
3588746604
3589586966
3591889032
3630792426
3630644757
3647109577
3667038854
3726501630
3732426460
3732430709
3732433203
3732824734
3750641150
3750646014
3767190162
3773016808
3773017644
3792634158
3868009835
3867486516
3869392608
3888963799
3890525936
3925351383
3945217750
3945215922
3945586281
3945212443
3946202260
3949548191
4024821834
4049240491
4088959404
4145800185
4152977999
4152634495
4166894730
4172669477
4181336901
4181913498
4182299531
4182783392
4182876601
4183014165
4183093252
4187604169
4188808773
4189217975
4190077715
4190640576
4194771590
4194776508
4194796858
4194799568
4195457867
4195539651
4195640265
4202703108
4206490950
4206838869
4206855794
4207045124
4207421200
4207646557
4208147105
4208346732
4208787679
4208951689
4213632171
4213820810
4214185791
4214462363
4214617152
4214973634
4215085996
4215467376
4215537158
4215548095
4216443116
4216470645
4216496689
4222252675
4222286880
4222288366
4223390008
4223415562
4214134120
4224633096
4225202173
4227881995
4231104709
4231364665
4231382720
4231386457
4231593527
4231709832
4232008501
4232011578
4232213741
4232704679
4233113207
4233364975
4233524194
4233590320
4233599886
4233616040
4233742219
4233756837
4233891159
4233939376
4238056522
4238182615
4238674188
4238768884
4238812733
4238820517
4239676966
4239938042
4239960371
4240271044
4240283592
4240337497
4240336606
4240392625
4240411938
4240561845
4240666501
4240783621
4244385132
4245372540
4245407491
4245921894
4246069730
4246101356
4246275791
4246322622
4246342212
4246689127
4246812481
4246817130
4247008598
4247297485
4247518405
4247566788
4247665343
4247697091
4247698658
4248023731
4248036001
4254281782
4254288237
4254305245
4255941709
4318609422
4256240451
4256280251
4256617318
4256630256
4256666953
4256758847
4256849184
4256907195
4256939577
4257041816
4257253884
4257344193
4257439325
4257448161
4257566839
4257620397
4257629689
4214140619
4257719459
4257771927
4257814902
4257821145
4257889044
4257904084
4257913104
4257902146
4257916356
4264316493
4264318635
4264357863
4264380553
4264391135
4264475543
4264634246
4264636761
4264670144
4264776296
4264798031
4264851318
4264852524
4264886214
4264891407
4265118656
4266940245
4266959314
4266952110
4266933394
4266939388
4214143363
4268434024
4268667414
4269034026
4269040540
4269622669
4269679307
4269898172
4276612732
4276646422
4277187955
4277257803
4277334015
4277333558
4277616124
4277656748
4277965398
4279034646
4279037171
4279078401
4279124824
4279128441
4279133783
4279149594
4279480681
4279496120
4279443456
4279804905
4279809802
4279861482
4279899827
4279917333
4280194542
4280696071
4286764840
4289489573
4289577876
4289583331
4289645500
4290024994
4290125766
4290192558
4290198885
4292393384
4292396172
4292501385
4294513398
4302088492
4306113488
4308250288
4308583472
4308700515
4308707487
4308894782
4308918532
4315268249
4315400883
4315614235
4315642331
4315798835
4315804577
4315853818
4317714187
4317756503
4318275679
4318876462
4318874729
4321118498
4321078828
4324489718
4324509627
4324614837
4324682589
4325428180
4325945697
4326215126
4326464401
4326514827
4327645715
4327739645
4332051771
4333661981
4334865827
4334955131
4334958963
4335054187
4335058840
4335128343
4335128755
4335292476
4335305977
4335328036
4335390452
4335482299
4335506704
4335553107
4335577570
4214156836
4336098161
4336716532
4337218830
4337224370
4337300720
4337372488
4337379462
4342909673
4343076678
4343232291
4343233938
4343422973
4343424276
218936965
4343498198
4343579997
4343832895
4343835153
4344129072
4344160307
4344194507
4344196086
4344203910
4344442337
4344489103
4344679665
4345117517
4345117477
4346906658
4346909613
4350092453
4350191183
4350312147
4350362006
4350361076
4350723202
4351330866
4351337780
4351344704
4351686177
4351721573
4351756639
4352150627
4352561978
4354864844
4355057543
4360873407
4360911247
4361014696
4361016705
4214159553
4361051908
4361411084
4361583551
4363254737
4363516180
4363607146
4363899824
4363927721
4363928366
4363964015
4364512024
4364584992
4370704355
4364654005
4364748937
4370071090
4370292606
4370301311
4370346764
4370349058
4370369318
4370374600
4370407388
4370402201
4370600758
4370542777
4370785825
4370864571
4370860753
4370984627
4214159738
4371066003
4371055908
4371427686
4371489435
4371486522
4373791380
4373936148
4376239152
4377233042
4379460246
4379472422
4379470951
4379570608
4379584924
4379644061
4379679659
4379683435
4379688734
4379983680
4379733625
4380030386
4380068212
4380263880
4380288505
4463135566
4463437353
4463667856
4464092257
4464183115
4464500142
4470734965
4470853795
4470949025
4470947974
4471258717
4471357304
4471356626
4471412769
4471986555
4472312386
4474389578
4477706913
4477804887
4477819075
4477889678
4478211011
4477912400
4477956665
4478200142
219222189
4478315358
4478410386
4478405682
4478539377
4478738781
4478748510
4479189482
4479504722
4479582287
4485496918
4485819047
4485879610
4486023026
4486099801
4487724640
4488234580
4488908987
4489114377
4489188385
4489229519
4489699778
4497216677
4497486317
4497618063
4497717765
4497717920
4497734526
4497969906
4498461573
4499400693
4504851981
4506268169
4506410252
4506420883
4214170203
4506672510
4506700723
4506715231
4506775741
4506817691
4506825576
4507361920
4507426170
4507857014
4507910273
4507947817
4508032214
4514590098
4514761199
4516483474
4516590207
4516779727
4522264932
4517195291
4519074697
4519159097
4519494473
4522384545
4522387708
4522568524
4522705508
4522706869
4522749159
4522849891
4523090683
4523314966
4523400786
4523754256
4523955445
4524167321
4524220007
4524222710
4524928846
4524929223
4526776834
4528103626
4528372244
4533461846
4533463133
4533463668
4533863676
4534047954
4534766745
4535028639
4536626804
4537065924
4538564740
4538862585
4539119099
4544897195
4544897519
4544977495
4544951535
4545436557
4545439693
4545724912
4546228613
4546300256
4546615215
4546678717
4546786677
4547020455
4553030544
4557544806
4557661499
4558394523
4558553229
4564798621
4564752585
4565225476
4565225730
4565263404
4565380370
4566828972
4566957737
4569917184
4569918053
4569918590
4570160480
4570461477
4571217486
4571223968
4571265792
4571995435
4572304154
4572316247
4572537118
4572584672
4572537482
4572812997
4572821564
4573057229
4573057596
4577973984
4577974330
4577974751
4578738802
4578729283
4579011024
4578981674
4578975523
4578979837
4579132511
4579132338
4579604375
4579137013
4579225974
219206435
4579558583
4579554511
4579579240
4579603856
4579652962
4580177950
4580176747
4580177797
4580376192
4580595769
4580649395
4580761627
4581419045
4581923061
4587959787
4589576001
4589621613
4589670667
4589754614
4589784511
4590215610
4590376218
4590382053
4590548508
4590605057
4591036306
4591039389
4591148704
4591177138
4591421223
4591451850
4591508954
4594683628
4597804725
4598760792
4598765297
4597342470
4599019330
4600345972
4600369894
4600368378
4600643736
4601992703
4601514795
4602019337
4607996903
2946095334
4610309850
4610319074
4611261441
4611390684
4611428045
4611754362
4612131657
4612182135
4612786374
4613148935
4620486358
4620729426
4621474109
4621487188
4622953128
4622955301
4623303568
4624253372
4624869162
4625171055
4625470712
4633583728
4626870228
4635236322
4635499643
4636126003
4636272571
4636271245
4636447857
4639424438
4639423266
4645027284
4654523881
4654585223
4646323477
4666981322
4675236464
4677972991
4693661278
4694015120
4697510701
4214191362
4700894644
4701435381
4706620060
4708133038
4715653367
4715823352
4716746964
4717212372
4719206851
4720274561
4719407819
4719261067
4722817273
4730775527
4730807364
4736229854
4740740186
4741337269
4741827956
4741807885
4742235288
4742281294
4742622408
4742579865
4743457185
4744552191
4744549308
4744753942
219175627
4214195046
4214223180
4214227155
4214233081
4214264140
4214264458
4214264937
4214267579
4602073827
4214278858
2972881721
4214281046
4214284340
4351437763
4351494491
4214296114
4214296860
4214301326
4214301681
4214306154
4214346401
4214348187
4214351991
4214356416
4214408950
4214422680
4214423494
3138264091
3138574034
218984771
219204015
219165571
4214445823
4214450501
219193045
219085791
218969247
4214465578
4214465867
218956499
4214470797
4214480157
4214481186
4214570591
4214577610
218793535
4214584050
4214586271
4214589559
219007065
4214593389
4214594909
4214596649
4214600702
4214601403
4214607314
219016479
4214611731
4214611751
219154315
4214613025
4214614947
4214623578
219153711
4214642803
4214643344
4214717446
4214718722
4214718737
218719597
219199577
219009465
4214729390
4214731406
4214734552
4214741264
4214741617
218471419
4214777455
4214778784
4214782717
4214790834
4214788298
4214797282
219232573
4214804053
4214805365
4214806922
4214814673
4214818536
4214819694
4214823100
4214826636
4214833454
4214837991
4214839048
4214844298
4214846327
