1250706
6760276
20000013173675599
20000013173675599
737956
20000013542046735
20000013692429132
20000013692429132
20000015075055581
20000016027014865
20000017854215938
20000014635942385
20000014409712097
20000014409712097
20000014288806979
20000014288806979
20000016843064346
20000012796534385
20000016843064329
1445857
1604337
1454497
99588
1409297
1679567
1679567
2417217
1425027
1230067
1270207
1227977
115778
1403087
1043687
1053637
1298267
1290497
1290497
1883247
1669417
1672317
1815027
1804877
1891657
1881347
1821277
1882487
2000257
2000257
1861797
1861707
2233447
2233527
2233527
2051697
2051697
2234187
4682407
1661377
5000207
4419767
1862017
2004207
2019667
1250467
1206327
2453547
2453547
1233137
1860347
1860347
1291777
2230167
1825987
1825987
1671297
20000013093046459
20000017760285019
20000013135583490
2049487
5974956
5974956
20000012877684448
20000013089470187
20000013348947639
20000013525372620
20000013909330409
20000014033327217
20000014767984337
20000014782122356
20000014782122356
20000015035860002
20000015075074313
20000015075074313
20000015075102811
20000015075120467
20000015075169531
20000015075169531
1604337
1454497
1679567
1679567
2417217
1270207
1675447
1681747
115778
1403087
1053637
1298267
1290497
1290497
1284307
1284307
105418
1419897
4846497

