6012472
6012473
6012475
6012476
6012477
6012478
6012479
6012480
6012481
6012482
6012483
6012484
6012487
6012488
6012489
6012490
6012493
6012494
6012495
6012498
6012500
6012501
6012502
6012503
6012505
6012506
6012507
6012508
6012510
6012511
6012512
6012514
6012515
6012517
6012518
6012519
6012520
6012521
6012522
6012523
6012524
6012525
6012527
6012530
6012531
6012532
6012533
6012534
6012536
6012537
6012538
6012540
6012542
6012543
6012544
6012546
6012547
6012549
6012551
6012553
6012554
6012555
6012556
6012557
6012559
6012560
6012563
6012567
6012569
6012570
6012571
6012573
6012575
6012578
6012579
6012580
6012581
6012584
6012586
6012587
6012588
6012590
6012592
6012593
6012594
6012599
6012600
6012604
6012607
6012610
6012614
6012616
6012618
6012619
6012620
6012621
6012624
6012625
6012626
6012627
6012628
6012629
6012630
6012631
6012632
6012634
6012635
6012636
6012637
6012638
6012639
6012640
6012641
6012642
6012643
6012645
6012646
6012648
6012649
6012650
6012651
6012652
6012653
6012654
6012655
6012656
6012657
6012658
6012659
6012660
6012661
6012662
6012663
6012664
6012665
6012666
6012667
6012668
6012669
6012670
6012671
6012672
6012673
6012674
6012675
6012676
6012677
6012678
6012680
6012681
6012682
6012683
6012685
6012686
6012687
6012688
6012689
6012690
6012691
6012693
6012695
6012697
6012698
6012700
6012701
6012702
6012703
6012704
6012705
6012706
6012707
6012708
6012709
6012710
6012711
6012713
6012714
6012716
6012717
6012718
6012719
6012720
6012721
6012722
6012723
6012724
6012725
6012726
6012728
6012729
6012731
6012732
6012733
6012734
6012735
6012736
6012738
6012739
6012742
6012743
6012744
6012745
6012747
6012748
6012750
6012751
6012752
6012753
6012754
6012755
6012756
6012757
6012758
6012759
6012760
6012762
6012763
6012764
6012765
6012766
6012767
6012769
6012770
6012771
6012772
6012773
6012774
6012776
6012777
6012778
6012779
6012780
6012781
6012782
6012783
6012785
6012787
6012788
6012789
6012790
6012791
6012792
6012794
6012795
6012798
6012799
6012801
6012802
6012803
6012804
6012805
6012806
6012809
6012810
6012811
6012812
6012813
6012814
6012815
6012816
6012817
6012818
6012819
6012820
6012821
6012824
6012825
6012826
6012827
6012828
6012829
6012830
6012831
6012832
6012833
6012834
6012835
6012836
6012837
6012838
6012840
6012841
6012842
6012843
6012844
6012845
6012846
6012847
6012848
6012849
6012851
6012852
6012853
6012854
6012855
6012856
6012857
6012858
6012859
6012860
6012861
6012862
6012863
6012864
6012865
6012867
6012868
6012870
6012871
6012872
6012874
6012875
6012876
6012877
6012878
6012879
6012881
6012883
6012884
6012885
6012887
6012888
6012889
6012890
6012891
6012892
6012893
6012894
6012895
6012896
6012897
6012899
6012901
6012902
6012906
6012907
6012908
6012909
6012910
6012911
6012913
6012914
6012916
6012917
6012918
6012919
6012921
6012922
6012923
6012924
6012925
6012926
6012927
6012928
6012929
6012930
6012931
6012933
6012934
6012935
6012936
6012937
6012938
6012941
6012942
6012943
6012944
6012946
6012947
6012948
6012949
6012950
6012951
6012952
6012953
6012954
6012955
6012956
6012957
6012958
6012959
6012960
6012961
6012962
6012963
6012965
6012966
6012967
6012968
6012971
6012973
6012977
6012978
6012980
6012982
6012983
6012985
6012987
6012988
6012989
6012991
6012992
6012993
6012994
6012995
6012996
6012997
6012998
6012999
6013000
6013001
6013002
6013003
6013004
6013006
6013007
6013008
6013009
6013010
6013011
6013012
6013014
6013015
6013016
6013017
6013018
6013019
6013020
6013021
6013022
6013023
6013024
6013025
6013026
6013027
6013028
6013029
6013030
6013031
6013032
6013033
6013034
6013035
6013036
6013037
6013038
6013039
6013040
6013041
6013043
6013044
6013046
6013047
6013048
6013050
6013051
6013052
6013053
6013054
6013055
6013056
6013058
6013059
6013060
6013062
6013063
6013064
6013065
6013066
6013067
6013069
6013070
6013071
6013073
6013074
6013075
6013077
6013078
6013079
6013080
6013081
6013082
6013083
6013084
6013085
6013086
6013087
6013088
6013089
6013090
6013091
6013092
6013093
6013095
6013096
6013098
6013099
6013100
6013101
6013102
6013103
6013104
6013106
6013107
6013108
6013109
6013110
6013112
6013114
6013115
6013116
6013117
6013118
6013119
6013120
6013121
6013123
6013124
6013125
6013126
6013127
6013129
6013131
6013132
6013134
6013135
6013136
6013137
6013138
6013139
6013140
6013141
6013142
6013143
6013144
6013145
6013146
6013147
6013148
6013149
6013150
6013151
6013152
6013153
6013156
6013157
6013158
6013159
6013160
6013161
6013162
6013163
6013164
6013165
6013167
6013168
6013169
6013170
6013171
6013172
6013173
6013175
6013176
6013178
6013179
6013181
6013183
6013184
6013185
6013187
6013188
6013189
6013190
6013191
6013192
6013193
6013194
6013195
6013196
6013197
6013198
6013199
6013200
6013201
6013203
6013204
6013205
6013206
6013207
6013208
6013209
6013210
6013211
6013212
6013213
6013215
6013216
6013217
6013218
6013219
6013220
6013221
6013222
6013223
6013224
6013226
6013227
6013228
6013230
6013231
6013233
6013234
6013235
6013236
6013237
6013238
6013239
6013240
6013241
6013242
6013243
6013244
6013245
6013247
6013248
6013249
6013250
6013252
6013253
6013254
6013255
6013257
6013258
6013259
6013260
6013261
6013262
6013263
6013265
6013266
6013267
6013268
6013272
6013273
6013274
6013275
6013276
6013277
6013278
6013279
6013280
6013282
6013283
6013284
6013285
6013286
6013287
6013288
6013289
6013290
6013292
6013293
6013295
6013296
6013297
6013298
6013299
6013301
6013302
6013303
6013304
6013305
6013306
6013307
6013308
6013309
6013310
6013311
6013312
6013313
6013314
6013315
6013316
6013317
6013318
6013319
6013320
6013321
6013322
6013323
6013324
6013325
6013326
6013327
6013328
6013329
6013330
6013331
6013332
6013333
6013334
6013335
6013336
6013338
6013339
6013340
6013341
6013342
6013343
6013344
6013346
6013347
6013348
6013349
6013350
6013351
6013353
6013354
6013355
6013356
6013357
6013358
6013360
6013361
6013363
6013364
6013365
6013366
6013367
6013368
6013369
6013370
6013371
6013372
6013373
6013374
6013375
6013376
6013377
6013378
6013379
6013380
6013381
6013382
6013383
6013384
6013385
6013386
6013387
6013388
6013390
6013391
6013392
6013393
6013394
6013395
6013397
6013398
6013399
6013400
6013401
6013402
6013403
6013404
6013405
6013406
6013407
6013408
6013409
6013410
6013411
6013413
6013414
6013415
6013416
6013417
6013419
6013420
6013422
6013423
6013424
6013425
6013426
6013427
6013428
6013429
6013430
6013431
6013432
6013433
6013434
6013435
6013436
6013437
6013438
6013439
6013440
6013441
6013443
6013445
6013448
6013449
6013450
6013451
6013452
6013453
6013454
6013455
6013456
6013457
6013459
6013460
6013461
6013462
6013463
6013464
6013465
6013466
6013467
6013468
6013469
6013470
6013471
6013472
6013473
6013474
6013475
6013476
6013477
6013479
6013480
6013481
6013483
6013484
6013485
6013486
6013487
6013489
6013490
6013492
6013493
6013494
6013495
6013496
6013497
6013498
6013500
6013501
6013505
6013507
6013509
6013510
6013511
6013512
6013513
6013514
6013515
6013517
6013518
6013519
6013520
6013521
6013522
6013523
6013524
6013525
6013526
6013529
6013530
6013531
6013532
6013534
6013535
6013536
6013537
6013539
6013541
6013542
6013543
6013546
6013547
6013548
6013549
6013550
6013554
6013555
6013556
6013559
6013560
6013563
6013564
6013565
6013566
6013567
6013568
6013569
6013570
6013571
6013572
6013573
6013575
6013577
6013582
6013583
6013584
6013586
6013587
6013588
6013590
6013591
6013592
6013593
6013595
6013596
6013597
6013598
6013600
6013601
6013602
6013608
6013609
6013613
6013615
6013616
6013617
6013618
6013619
6013620
6013621
6013622
6013623
6013624
6013625
6013626
6013627
6013629
6013630
6013631
6013633
6013634
6013635
6013636
6013637
6013639
6013640
6013641
6013642
6013643
6013644
6013646
6013647
6013648
6013649
6013650
6013651
6013652
6013653
6013654
6013656
6013657
6013658
6013659
6013660
6013661
6013662
6013663
6013665
6013666
6013667
6013668
6013669
6013670
6013671
6013672
6013673
6013674
6013675
6013677
6013679
6013681
6013682
6013685
6013686
6013687
6013688
6013689
6013690
6013691
6013692
6013695
6013696
6013697
6013698
6013699
6013700
6013701
6013702
6013703
6013704
6013707
6013708
6013709
6013710
6013711
6013713
6013716
6013717
6013719
6013720
6013721
6013722
6013723
6013724
6013725
6013727
6013729
6013730
6013731
6013732
6013734
6013735
6013736
6013737
6013738
6013739
6013740
6013741
6013742
6013743
6013744
6013747
6013748
6013749
6013750
6013751
6013752
6013755
6013756
6013757
6013759
6013760
6013761
6013762
6013764
6013765
6013766
6013767
6013768
6013769
6013770
6013771
6013772
6013773
6013774
6013775
6013776
6013778
6013779
6013780
6013781
6013782
6013788
6013789
6013795
6013796
6013797
6013798
6013799
6013800
6013803
6013804
6013805
6013806
6013807
6013809
6013811
6013812
6013813
6013814
6013815
6013816
6013817
6013818
6013819
6013820
6013821
6013822
6013825
6013826
6013828
6013829
6013830
6013831
6013832
6013833
6013835
6013836
6013837
6013838
6013839
6013840
6013841
6013842
6013843
6013844
6013845
6013848
6013849
6013850
6013851
6013852
6013854
6013855
6013856
6013857
6013858
6013860
6013861
6013863
6013864
6013865
6013866
6013868
6013869
6013870
6013871
6013872
6013873
6013874
6013875
6013876
6013877
6013878
6013879
6013880
6013881
6013882
6013883
6013884
6013885
6013887
6013888
6013889
6013890
6013891
6013892
6013893
6013894
6013895
6013896
6013897
6013899
6013900
6013901
6013902
6013903
6013905
6013907
6013908
6013909
6013910
6013911
6013912
6013913
6013914
6013915
6013916
6013917
6013918
6013919
6013920
6013921
6013922
6013923
6013924
6013925
6013926
6013927
6013929
6013930
6013932
6013933
6013934
6013935
6013936
6013937
6013939
6013940
6013941
6013942
6013944
6013945
6013946
6013948
6013949
6013951
6013952
6013953
6013954
6013955
6013956
6013958
6013959
6013960
6013961
6013962
6013963
6013964
6013965
6013966
6013967
6013969
6013970
6013971
6013972
6013973
6013974
6013975
6013976
6013977
6013978
6013979
6013980
6013982
6013983
6013984
6013985
6013986
6013987
6013988
6013989
6013990
6013991
6013992
6013995
6013996
6013997
6013998
6013999
6014000
6014001
6014002
6014003
6014004
6014005
6014006
6014007
6014009
6014010
6014011
6014012
6014013
6014014
6014015
6014016
6014017
6014018
6014019
6014021
6014022
6014023
6014024
6014025
6014026
6014027
6014029
6014030
6014031
6014032
6014033
6014035
6014037
6014038
6014039
6014040
6014041
6014042
6014043
6014044
6014046
6014047
6014048
6014049
6014050
6014051
6014052
6014053
6014054
6014056
6014057
6014058
6014059
6014061
6014062
6014063
6014066
6014067
6014068
6014069
6014070
6014071
6014072
6014073
6014074
6014075
6014076
6014077
6014078
6014079
6014080
6014082
6014083
6014086
6014087
6014088
6014089
6014091
6014092
6014093
6014095
6014096
6014097
6014098
6014099
6014100
6014101
6014103
6014105
6014107
6014109
6014110
6014111
6014112
6014113
6014114
6014115
6014116
6014117
6014118
6014119
6014120
6014121
6014123
6014124
6014125
6014126
6014127
6014128
6014130
6014131
6014132
6014133
6014134
6014135
6014136
6014137
6014139
6014140
6014142
6014144
6014145
6014146
6014147
6014148
6014149
6014150
6014151
6014152
6014154
6014155
6014156
6014158
6014159
6014161
6014162
6014163
6014165
6014166
6014168
6014170
6014172
6014173
6014174
6014175
6014176
6014178
6014179
6014181
6014182
6014183
6014184
6014185
6014186
6014187
6014188
6014189
6014190
6014192
6014193
6014194
6014195
6014196
6014197
6014198
6014199
6014200
6014201
6014202
6014203
6014204
6014205
6014206
6014207
6014209
6014210
6014211
6014212
6014213
6014214
6014215
6014216
6014217
6014218
6014219
6014220
6014221
6014222
6014223
6014224
6014225
6014227
6014228
6014230
6014231
6014233
6014234
6014235
6014236
6014237
6014239
6014240
6014241
6014242
6014243
6014244
6014245
6014246
6014247
6014248
6014249
6014250
6014251
6014253
6014255
6014256
6014257
6014258
6014259
6014260
6014261
6014262
6014265
6014266
6014267
6014269
6014271
6014272
6014273
6014274
6014275
6014277
6014278
6014279
6014280
6014281
6014282
6014283
6014284
6014285
6014286
6014287
6014288
6014293
6014294
6014295
6014296
6014297
6014299
6014302
6014303
6014306
6014307
6014308
6014309
6014310
6014311
6014312
6014313
6014314
6014315
6014316
6014318
6014319
6014320
6014321
6014323
6014324
6014325
6014327
6014330
6014331
6014332
6014333
6014334
6014336
6014337
6014338
6014342
6014343
6014344
6014345
6014346
6014347
6014348
6014349
6014350
6014351
6014352
6014353
6014354
6014355
6014356
6014357
6014358
6014361
6014362
6014363
6014364
6014365
6014366
6014367
6014368
6014371
6014372
6014373
6014374
6014375
6014376
6014377
6014378
6014379
6014381
6014382
6014383
6014386
6014387
6014388
6014389
6014391
