23156157657
23156157825
23156157868
23156157900
23156157925
23156158083
23156158131
23156158212
24488775644
24488776871
24488777759
24488777986
24488777998
24488778370
19681944920
22853959726
22853974381
24242391665
25800881619
26598912155
20497953041
18459
25328
238151926
35352
137388
150814
114357071
10547682427
8173736
12351751392
10623177526
10742885454
11229700767
11594305143
12166622702
18332310399
23272442299
21017183822
25800856913
25800877634
25187468138
24242391665
25800827539
25800827539
25800829522
25800856913 