7567804
7567865
7567873
7567884
7564642
7564657
7567382
7564083
7565453
7565461
7565505
7566267
7566317
7566860
7566907
7566947
7563920
7563949
7565033
7565070
7565456
7564076
7564201
7567120
7565297
7568425
7565758
7565833
7565343
7567971
7568009
7568005
7565084
7565160
7565197
7565209
7565249
7565327
7565486
7565485
7565500
7565683
7565444
7564322
7564512
7564524
7564994
7567430
7563898
7563934
7568247
7568272
7568494
7568501
7569098
7564681
7564677
7567770
7567799
7565861
7565894
7565899
7565957
7566040
7563946
7564002
7567265
7568434
7565458
7565541
7565625
7565686
7565736
7566687
7568608
7569054
7569083
7569093
7565553
7565847
7565924
7565645
7565885
7564772
7567023
7567371
7564886
7564987
7565555
7565636
7567912
7564005
7568447
7568525
7567009
7567041
7567073
7565392
7566559
7567278
7567326
7567335
7567432
7566006
7566084
7563959
7565795
7565814
7566394
7566595
7566714
7566878
7568076
7568071
7568127
7566158
7566160
7566458
7566448
7566446
7565372
7566782
7566856
7567592
7567597
7567622
7565865
7565879
7566272
7566285
7566063
7565203
7567890
7565042
7567948
7568284
7568341
7568344
7564807
7564829
7564862
7564898
7564957
7564979
7564984
7565040
7565044
7565046
7566216
7567137
7567435
7567442
7567448
7567453
7567504
7566539
7566648
7565406
7566449
7566443
7566457
7566740
7566929
7566905
7564865
7564969
7565030
7564057
7563932
7568190
7565060
7565079
7567166
7568145
7566428
7566436
7566435
7566437
7564277
7564634
7565427
7566837
7566850
7565856
7564068
7564074
7563916
7563921
7568200
7568248
7568259
7567809
7567854
7566862
7566843
7564564
7565142
7565163
7565180
7565610
7567655
7567835
7568147
7568363
7568922
7568933
7568983
7568991
7566917
7567227
7567275
7567297
7567321
7565898
7565492
7565503
7564088
7564745
7568433
7568429
7568443
7568454
7568455
7568015
7568609
7568602
7568624
7568382
7569026
7565768
7568572
7565248
7568830
7568905
7565627
7567402
7567649
7564229
7564344
7564639
7564729
7568622
7568639
7568665
7568709
7568719
7568722
7565749
7566058
7567694
7567735
7564360
7564357
7564800
7564815
7564889
7566000
7566820
7568753
7568756
7568747
7568799
7566201
7566257
7565455
7565452
7565463
7566337
7564888
7564894
7569036
7568876
7568914
7568964
7569014
7569015
7569043
7566617
7567764
7566118
7566173
7566213
7566301
7564419
7564534
7565973
7566067
7565241
7565276
7566739
7566746
7567486
7567520
7567581
7565956
7565972
7567805
7567384
7564879
7564866
7567967
7568004
7567787
7567818
7567881
7566352
7566406
7566775
7566940
7567046
7567086
7564446
7564471
7567376
7567231
7568498
7568779
7568787
7568819
7563856
7563886
7566166
7565767
7567125
7567129
7567163
7567209
7567213
7563968
7567826
7564522
7564722
7564820
7564818
7568615
7568620
7568648
7568832
7568831
7568846
7567785
7568208
7568213
7568201
7568224
7568255
7564016
7564844
7566904
7566698
7565264
7566062
7568063
7568266
7569061
7569090
7564630
7563930
7563918
7567846
7567869
7567894
7569091
7564193
7564224
7564304
7564867
7564960
7565172
7566720
7568105
7564031
7564041
7564280
7567193
7567385
7567960
7566091
7568446
7568449
7567292
7564033
7564422
7564418
7564414
7564410
7565618
7565669
7565687
7567585
7564095
7564102
7568061
7568056
7567999
7566328
7567288
7564428
7564431
7564838
7564899
7564929
7565380
7564432
7565979
7566074
7568152
7568162
7568172
7568299
7568315
7568340
7565144
7564479
7564964
7564991
7565032
7565788
7565799
7565829
7566180
7566183
7568568
7568575
7568576
7568584
7564178
7565855
7566867
7566948
7567706
7565988
7563926
7568847
7568891
7568893
7568904
7568917
7566177
7565626
7567327
7567467
7564050
7564049
7564355
7567070
7566622
7567808
7567463
7567986
7563876
7563901
7566045
7564160
7566325
7566085
7568141
7568485
7564824
7564930
7564247
7564338
7565118
7566346
7566350
7567831
7567872
7568713
7568613
7568651
7568717
7568822
7568871
7565026
7565018
7565036
7565936
7565977
7565983
7563902
7564835
7568053
7565109
7564110
7564263
7564327
7566378
7568181
7568239
7568271
7565942
7566421
7565930
7565126
7565133
7564420
7567404
7567457
7567684
7564167
7564259
7564392
7565267
7565317
7565508
7565504
7566367
7567941
7568308
7563924
7568954
7566095
7565638
7564755
7564779
7567756
7567860
7564390
7564531
7565976
7565998
7567959
7568022
7568129
7570029
7570055
7570078
7570080
7570061
7565086
7568034
7568032
7564225
7564222
7564506
7564540
7564556
7565694
7565887
7568386
7565022
7565146
7565188
7565277
7568324
7568258
7565978
7570063
7570069
7570103
7570105
7569614
7566700
7567522
7567553
7566563
7566574
7566587
7568166
7568310
7568303
7568316
7568360
7565945
7565470
7565143
7565265
7565365
7565387
7566774
7566795
7566812
7566844
7568301
7568276
7568371
7568370
7568469
7568816
7568823
7570124
7570146
7570150
7565579
7563884
7563877
7566096
7566564
7568883
7569822
7569835
7570177
7570170
7565778
7565779
7565783
7565805
7565803
7566477
7567687
7566608
7564995
7565239
7565257
7568916
7568945
7569141
7569168
7569308
7569341
7569370
7563905
7565088
7565145
7567675
7568188
7568359
7568361
7564687
7564699
7564817
7564892
7565027
7565028
7565097
7565178
7564568
7564596
7569381
7569395
7569404
7569372
7566621
7566638
7566633
7566667
7566672
7567895
7568228
7564796
7565377
7565393
7566665
7566708
7568424
7568430
7568427
7568482
7568946
7568955
7568959
7568973
7569020
7569025
7569035
7569037
7565225
7565268
7568554
7568590
7568642
7568638
7564937
7564935
7565055
7566910
7566927
7566969
7566332
7568598
7568051
7569137
7569144
7565812
7565874
7566445
7568001
7568026
7564852
7563963
7563975
7563982
7563979
7565459
7566804
7564204
7565322
7565545
7565568
7567016
7567053
7567066
7567104
7567178
7567968
7567995
7568810
7568859
7568913
7568979
7566043
7566946
7566956
7567758
7567851
7565449
7567135
7568675
7565712
7569112
7569119
7567727
7569179
7569196
7567139
7567174
7567244
7565587
7565609
7565982
7566098
7570172
7565179
7566632
7565136
7565122
7565151
7565471
7564740
7567241
7568365
7569152
7567101
7567374
7567388
7567390
7564214
7564206
7568038
7566104
7566106
7567320
7569104
7566321
7566376
7566427
7566426
7570162
7569693
7564812
7565566
7564575
7566996
7565597
7565807
7565848
7566499
7568694
7568687
7568691
7568684
7568778
7567647
7566494
7567658
7569265
7569339
7569340
7569410
7569565
7569586
7569598
7569600
7569606
7569623
7569634
7569644
7568287
7568333
7569349
7569376
7566706
7568233
7565182
7565208
7568800
7568809
7568814
7568825
7569129
7569269
7569297
7569679
7569700
7567450
7567514
7567594
7569490
7569632
7569825
7569841
7565662
7568111
7569718
7569842
7570204
7570207
7570211
7570221
7566087
7567957
7565971
7566060
7564526
7569451
7569509
7564151
7564437
7569750
7569764
7566896
7568095
7568098
7568097
7565211
7565424
7565472
7566471
7566475
7567207
7567966
7563860
7568090
7568140
7568155
7568270
7568268
7563986
7563992
7564869
7565091
7566229
7566261
7566297
7569518
7569523
7569532
7567422
7568131
7565601
7565823
7565897
7569593
7565515
7565530
7567973
7563912
7563939
7565255
7567593
7567599
7567600
7567653
7568611
7564039
7564116
7569789
7569880
7569891
7569899
7570034
7564764
7564946
7566492
7566569
7567449
7567517
7568021
7566440
7566380
7566379
7566383
7565578
7565677
7564912
7566731
7566743
7566764
7568323
7567707
7564273
7569499
7569526
7569697
7569733
7569752
7570278
7570343
7570370
7565658
7566710
7567401
7567443
7567477
7565075
7565735
7570240
7567993
7568122
7568125
7569994
7570335
7570398
7570438
7570459
7570561
7565926
7565940
7566030
7565048
7565329
7565985
7565986
7566019
7568862
7568861
7568523
7568586
7568841
7564507
7564527
7564539
7564541
7564595
7568874
7569945
7569967
7570012
7570016
7565569
7565872
7567983
7563961
7567780
7568915
7568947
7568969
7568679
7564285
7564287
7564310
7570552
7566821
7567092
7567222
7563899
7563928
7568205
7568406
7568490
7568318
7568432
7566264
7566277
7564312
7566117
7569531
7570349
7570530
7564626
7564018
7564052
7563974
7568101
7568435
7567733
7568634
7568591
7568780
7564048
7564061
7564055
7564325
7564659
7565577
7570109
7570229
7563980
7570602
7566599
7569226
7565141
7564303
7564177
7564264
7569055
7569086
7565420
7565450
7566841
7566115
7565720
7569567
7569576
7569604
7569609
7569677
7569669
7569660
7566582
7567788
7568517
7568509
7568530
7564282
7563923
7563954
7567031
7568925
7568956
7568961
7568978
7569010
7564072
7564078
7566070
7565770
7567763
7567793
7568536
7564289
7564493
7564529
7564557
7564588
7567005
7564125
7564401
7564405
7564504
7564611
7566865
7565663
7568749
7569057
7569089
7564887
7570640
7563907
7567492
7565511
7565684
7568596
7568750
7568759
7568950
7568989
7567792
7566882
7567068
7567212
7567290
7567596
7565844
7563965
7564097
7564105
7564334
7565078
7565125
7565139
7565183
7565237
7563943
7565664
7567189
7567425
7567627
7567952
7565005
7565017
7567843
7567845
7564260
7570525
7563910
7563955
7567630
7567955
7564641
7564819
7565489
7565524
7567950
7568000
7566003
7564768
7564828
7564842
7564870
7565487
7565484
7566047
7566589
7566597
7567776
7564118
7564270
7570474
7570583
7570591
7564891
7570612
7569069
7569108
7566515
7566522
7566544
7566615
7566660
7563879
7563859
7566025
7566064
7564402
7564416
7567149
7567240
7567657
7569201
7565931
7567671
7567708
7567732
7568221
7568238
7568356
7568618
7564142
7564140
7564430
7564436
7564444
7564483
7564487
7564286
7564543
7564781
7567841
7567859
7567907
7566799
7567054
7569315
7569437
7564387
7564948
7564938
7569123
7566516
7566524
7568671
7568812
7568844
7568848
7568890
7568939
7569052
7569106
7569454
7569721
7570008
7569943
7568110
7564165
7565368
7566271
7566279
7566303
7566353
7565386
7568151
7566730
7569120
7569463
7569467
7570300
7570318
7570440
7565004
7565092
7565140
7565149
7565218
7565215
7570312
7570539
7570592
7565937
7569385
7569757
7570384
7570447
7567867
7566588
7564636
7564490
7564492
7565210
7566528
7566553
7570534
7567795
7568510
7568511
7564017
7564023
7564173
7568183
7568242
7568495
7570257
7570320
7569847
7570076
7564759
7564921
7569351
7567140
7564861
7564913
7568025
7564051
7564451
7564484
7564497
7568581
7568789
7565690
7570380
7567051
7567181
7567273
7567774
7565478
7570455
7567034
7567305
7567344
7565071
7564144
7564171
7569597
7564919
7564918
7564998
7568070
7568957
7564707
7564750
7565808
7565822
7565827
7565907
7570514
7570555
7567796
7565927
7565999
7570195
7570212
7567526
7567521
7567531
7567606
7567609
7564215
7564302
7565062
7565825
7565835
7568149
7568374
7569127
7564789
7564823
7564997
7568701
7568772
7563966
7563996
7566531
7566591
7566450
7565881
7563925
7566031
7564069
7564426
7564458
7565349
7568577
7566527
7566562
7568082
7566455
7566624
7567208
7564155
7568143
7568314
7569115
7565512
7565523
7565520
7566751
7566777
7566801
7567563
7564551
7566560
7566663
7564152
7564254
7564262
7563972
7570364
7570607
7567757
7568135
7568153
7568212
7568193
7568202
7567037
7567111
7567136
7565769
7569683
7569696
7569758
7568669
7568870
7568924
7566682
7566888
7566892
7566919
7567013
7567794
7563861
7563973
7567497
7569535
7568244
7568450
7567204
7567219
7567251
7570585
7566097
7566699
7566703
7568187
7568175
7564133
7569211
7563872
7568564
7568632
7568895
7569008
7564082
7570511
7570526
7566994
7564433
7566122
7566762
7566938
7566705
7568157
7568180
7568441
7568492
7568656
7568921
7564590
7563911
7569059
7569078
7565045
7564735
7564751
7564749
7564549
7567071
7567160
7567218
7569865
7570248
7570337
7570373
7566231
7566592
7566651
7564618
7564624
7563936
7566825
7569299
7569393
7569558
7565159
7564640
7567909
7569592
7569926
7566741
7564308
7565547
7565546
7565548
7567976
7568918
7565591
7569384
7569405
7567880
7567913
7567945
7569893
7569946
7569915
7570250
7566628
7568776
7566666
7567283
7566207
7566224
7565932
7568039
7567891
7569603
7569807
7569812
7569982
7570071
7570064
7564609
7564035
7564104
7564455
7564514
7564560
7567000
7567055
7570263
7570594
7566460
7565441
7565476
7564266
7564423
7564438
7564515
7564599
7564608
7565621
7565639
7565813
7566789
7567560
7568262
7568334
7568397
7568412
7568579
7570520
7566167
7564393
7564675
7564673
7564685
7565592
7566365
7566235
7566388
7569001
7569024
7568295
7568286
7568744
7570168
7570188
7570192
7570197
7570233
7570245
7564071
7564337
7564440
7567128
7567147
7567097
7565890
7567691
7566721
7566196
7569972
7564771
7565604
7565607
7565608
7565653
7568856
7568886
7567981
7566655
7569935
7568850
7568990
7564653
7568958
7570026
7570094
7566679
7566690
7566717
7564798
7564801
7566423
7567332
7567336
7567363
7569113
7568985
7566766
7566893
7570653
7566120
7569044
7567418
7567565
7564688
7564723
7564319
7564367
7566931
7566903
7567296
7569162
7569172
7564814
7564821
7564827
7565672
7565676
7565688
7567419
7567476
7567538
7567527
7567595
7567629
7565784
7565797
7568337
7568399
7566390
7570715
7567740
7568050
7563909
7565715
7565717
7567970
7568073
7569270
7569314
7569348
7569394
7570450
7570456
7564855
7564878
7564907
7565697
7568422
7568502
7568842
7568927
7570116
7570733
7563944
7566779
7567223
7567260
7567362
7567589
7568531
7564617
7564664
7566568
7564380
7565522
7565790
7568943
7570182
7570399
7570549
7568426
7568448
7568666
7569620
7569688
7569747
7569775
7569804
7569819
7569879
7569984
7570037
7569925
7569960
7569983
7568321
7568325
7569421
7565023
7565043
7566813
7566869
7568476
7568545
7568532
7568557
7570708
7566187
7568826
7568962
7568971
7569003
7565039
7565053
7565216
7569439
7569924
7569914
7564945
7564968
7564983
7565832
7566165
7566233
7567199
7567220
7567015
7568589
7568662
7569117
7568556
7568801
7569153
7565240
7565273
7565269
7565271
7565303
7565316
7570151
7564250
7564276
7564307
7564350
7564362
7564631
7568350
7564091
7563875
7568782
7568785
7569138
7566197
7569125
7570118
7570154
7570243
7563882
7564199
7564213
7564211
7565737
7566567
7565902
7568146
7570541
7570538
7570535
7570560
7565892
7565911
7567739
7565069
7565230
7565589
7565615
7565630
7567264
7565675
7568829
7564613
7564385
7564394
7564459
7564456
7569264
7569320
7569324
7569325
7569365
7570462
7564874
7565020
7565065
7565185
7564717
7566610
7566652
7567316
7567318
7567429
7570262
7570292
7570274
7570299
7570317
7568566
7568578
7568645
7568643
7568751
7563866
7564162
7564767
7564762
7566520
7565922
7568837
7570744
7565114
7569460
7569477
7568174
7568968
7565353
7565657
7570610
7570603
7564678
7569130
7569134
7568520
7568533
7564485
7564488
7566238
7569443
7569562
7569651
7569761
7567519
7567528
7570420
7568477
7568706
7568855
7568885
7568884
7568882
7569357
7566308
7566354
7565398
7565437
7565467
7565518
7568250
7568273
7564398
7564435
7564449
7564480
7567824
7568007
7565117
7565156
7565152
7568907
7569367
7569639
7570672
7564521
7565261
7566384
7569855
7568617
7568681
7568768
7568851
7568868
7568901
7568982
7568992
7569040
7569103
7569219
7564799
7564802
7565226
7565238
7569077
7565850
7570112
7565430
7565432
7566411
7569853
7570003
7566729
7564246
7564271
7569235
7568436
7568439
7569450
7564834
7565543
7567039
7567089
7567083
7567266
7570107
7564237
7564292
7564339
7566602
7567673
7569248
7569249
7569453
7564169
7565685
7567308
7567447
7567280
7567291
7567310
7567312
7567307
7567652
7566793
7570390
7570426
7563885
7565447
7567660
7567759
7567775
7565375
7565379
7565399
7566755
7566827
7567090
7570656
7565637
7565748
7568116
7568252
7568253
7563970
7564682
7564770
7564785
7564882
7564996
7565058
7565510
7565528
7565574
7566558
7564415
7565580
7565619
7569169
7563962
7563997
7564212
7564210
7564218
7564656
7564672
7567940
7567261
7567269
7567377
7567440
7566491
7566504
7565325
7566190
7566220
7566243
7567575
7567631
7570699
7566112
7566728
7566727
7567716
7567712
7566961
7566973
7566979
7570117
7566576
7566658
7566681
7566692
7564667
7566260
7566331
7566364
7565851
7564356
7564836
7565482
7565513
7567697
7568373
7569584
7569635
7569680
7569673
7565101
7567503
7567612
7570731
7565115
7565572
7564268
7568130
7568148
7568170
7564644
7564646
7566024
7566027
7569256
7569317
7569423
7569566
7569573
7569587
7569594
7569613
7569638
7569716
7570448
7570487
7569472
7569563
7565839
7565965
7566032
7566069
7566072
7569111
7569146
7569199
7569233
7565106
7569231
7569737
7569736
7570010
7569973
7564172
7564187
7564189
7567783
7568275
7568288
7568306
7568305
7568312
7568328
7568377
7568394
7568396
7566057
7569769
7569778
7570553
7570648
7565041
7569332
7569478
7565391
7565307
7569954
7570161
7570213
7570219
7565929
7566206
7566221
7566214
7566215
7564452
7564468
7565811
7567791
7568415
7568409
7567004
7567012
7567052
7569190
7569243
7568099
7569560
7569931
7565414
7565422
7565490
7565501
7566756
7566873
7566874
7566944
7566935
7565171
7565301
7565935
7566601
7567817
7567852
7568410
7569268
7569322
7569358
7569486
7564043
7567018
7567019
7567157
7567167
7567154
7567201
7568142
7567145
7567233
7567258
7565082
7565168
7565169
7565302
7565846
7567949
7567985
7568535
7568534
7567249
7567248
7567293
7567338
7568154
7567529
7567617
7567643
7565519
7565157
7567049
7566696
7564100
7564175
7569629
7569686
7569726
7565980
7566923
7566980
7564511
7564548
7568024
7566103
7568911
7568938
7566577
7566716
7566715
7566737
7566736
7564666
7564738
7564249
7564598
7564742
7567309
7565263
7568123
7568351
7568508
7564274
7564294
7569901
7569988
7564552
7564566
7564580
7564585
7564610
7566924
7566792
7567281
7567285
7567341
7569843
7569850
7569869
7569872
7569907
7569992
7565431
7565460
7566320
7566381
7570225
7570683
7570684
7570687
7570690
7566136
7564658
7564732
7009667
7566266
7566312
7567262
7567433
7567469
7569009
7569097
7569542
7565013
7564136
7564188
7564532
7564581
7565878
7570621
7570615
7565331
7567822
7568734
7564469
7565703
7570693
7570695
7567008
7564927
7566225
7566661
7566712
7566831
7566341
7566373
7567823
7567353
7569999
7569978
7569961
7570025
7569965
7570628
7566080
7565563
7565585
7565596
7565616
7565605
7570216
7570504
7564306
7564347
7566909
7566983
7567255
7567276
7567343
7568031
7568195
7567360
7567416
7567420
7567535
7569056
7567925
7567962
7565158
7567458
7567516
7567561
7567639
7566110
7566159
7570625
7564013
7564164
7564191
7566140
7567361
7567358
7567372
7567391
7567480
7565342
7564724
7570711
7566540
7566068
7567369
7567564
7567584
7567628
7568216
7568225
7568243
7570042
7566005
7566309
7567777
7565002
7567532
7567640
7567650
7565359
7569681
7565381
7567773
7567827
7566600
7566425
7566431
7565974
7566015
7564192
7565464
7564986
7565050
7565161
7570060
7568563
7567767
7567832
7567858
7564300
7564343
7564365
7564616
7564652
7566171
7567744
7567748
7567294
7568760
7568762
7566020
7569849
7569854
7569889
7569947
7570164
7565787
7565791
7565801
7568059
7568058
7566203
7568002
7570120
7570147
7570171
7570232
7568294
7568280
7566868
7564603
7564607
7568019
7568003
7568023
7568808
7568843
7568854
7568872
7568993
7569005
7569101
7564602
7567216
7567254
7565494
7565529
7564036
7564030
7564065
7566361
7569602
7566826
7570264
7570315
7570358
7570363
7570382
7570392
7568745
7568838
7566189
7567549
7567623
7564612
7565730
7565570
7566532
7564081
7564112
7567664
7566200
7566324
7568033
7568028
7569205
7570431
7569142
7569147
7564718
7564737
7564877
7564933
7565641
7565695
7565711
7566232
7566237
7566265
7568278
7568282
7568417
7568607
7565852
7565866
7567761
7567790
7564841
7564900
7566327
7570970
7571058
7566914
7566926
7566951
7570940
7570996
7570483
7566138
7571298
7570202
7566718
7569109
7569186
7571769
7566356
7572078
7572091
7566424
7568185
7564985
7564993
7568903
7569049
7570322
7565534
7566678
7566897
7567094
7567122
7567185
7567287
7571003
7569028
7571505
7571519
7571301
7566438
7570841
7570844
7570854
7570856
7569252
7569262
7565175
7565177
7565227
7565310
7567237
7567511
7567537
7565012
7569330
7568506
7568653
7568659
7571338
7571367
7567877
7568660
7567637
7570887
7571764
7571785
7571798
7569991
7570201
7569285
7569481
7570351
7570428
7565516
7565571
7565557
7565702
7565701
7565745
7565401
7567769
7570353
7570507
7567604
7568718
7568935
7567964
7569034
7568815
7565374
7566785
7568720
7568793
7569985
7569928
7570099
7570494
7570536
7568440
7567701
7568606
7568998
7567571
7567615
7569445
7569491
7568892
7568940
7569031
7564674
7564671
7564728
7564765
7567551
7570966
7571082
7566851
7566853
7566886
7566894
7566899
7567036
7567047
7567043
7567048
7567063
7566676
7566689
7569204
7570682
7570309
7565914
7569578
7569579
7569599
7570649
7565189
7565224
7566026
7566046
7565371
7564633
7571071
7571103
7567990
7568561
7568544
7570566
7570596
7569079
7568976
7568057
7568115
7568114
7564714
7568797
7568881
7569048
7565417
7564731
7571373
7571392
7571402
7571418
7570919
7570941
7566555
7566691
7568497
7568513
7569580
7569674
7571177
7570492
7568138
7568165
7569368
7565527
7565594
7565830
7565870
7567548
7567557
7567996
7568012
7568008
7568010
7565947
7571873
7570968
7567228
7570528
7570584
7571173
7571318
7568352
7568452
7564970
7565247
7565311
7565324
7565409
7565410
7569534
7570308
7570383
7570469
7570484
7571144
7571165
7571166
7569479
7565699
7565725
7565724
7565760
7564976
7565029
7565072
7565326
7568069
7569244
7569272
7569319
7569323
7569386
7571940
7571983
7571992
7571999
7572034
7569156
7569000
7568794
7568988
7570581
7570184
7570668
7566464
7566453
7566478
7566479
7566480
7565477
7570558
7567002
7567171
7567329
7569124
7569303
7570575
7564809
7565181
7570763
7570770
7571570
7565446
7568289
7568438
7571422
7571178
7571182
7571214
7568489
7568546
7571772
7571768
7567784
7567663
7567441
7565184
7565274
7565413
7565423
7565436
7571580
7571605
7566269
7566268
7565761
7565765
7565828
7566184
7569512
7570423
7570427
7570737
7571433
7569556
7570614
7566035
7568500
7568728
7568742
7568465
7567958
7568834
7568928
7568941
7568986
7571347
7571375
7565706
7565895
7567667
7567576
7567633
7569645
7569729
7570302
7571632
7571645
7564795
7569240
7569133
7570574
7571471
7571480
7571812
7569118
7569193
7569469
7565442
7565451
7564831
7564830
7564845
7569411
7569344
7567098
7566547
7566583
7566205
7566211
7566241
7566254
7566252
7571499
7571560
7571614
7571818
7571801
7571833
7567144
7567153
7564625
7567693
7566459
7570650
7564654
7564949
7564963
7570848
7570930
7570965
7566496
7566863
7566866
7566928
7567099
7566393
7571655
7571664
7571670
7571674
7567587
7567602
7567607
7567648
7569575
7569772
7569163
7569177
7570747
7571472
7571521
7571728
7568802
7568807
7568906
7571168
7566541
7566551
7566685
7571108
7571264
7569571
7569572
7569577
7569809
7568853
7567437
7566653
7568089
7568100
7568338
7568343
7565786
7566181
7570878
7571599
7567978
7566758
7566830
7566839
7566857
7567131
7570768
7570870
7565502
7565539
7565824
7569823
7569852
7569896
7569903
7569906
7564953
7564961
7565108
7565150
7565201
7569993
7569918
7570059
7570079
7570091
7571069
7566836
7566845
7566930
7566932
7571181
7571431
7570516
7569834
7567888
7567922
7566962
7566975
7567032
7567182
7567277
7567298
7567752
7567927
7567953
7567979
7568889
7567029
7567044
7567229
7567234
7567366
7566107
7571256
7571586
7566871
7568317
7571125
7571815
7571804
7571954
7571988
7571991
7572004
7571510
7567300
7567314
7567379
7566348
7568087
7568109
7568781
7566116
7571719
7568770
7568858
7567933
7568020
7568461
7570957
7571650
7571721
7571274
7571295
7570582
7569371
7571648
7569753
7567393
7567434
7567501
7570903
7570993
7571111
7571132
7567782
7570501
7570505
7571749
7571792
7571875
7571907
7571949
7571979
7572083
7569110
7566911
7571340
7569671
7569801
7569846
7567844
7567984
7570987
7570991
7571404
7570679
7570696
7566403
7568178
7568171
7571154
7570510
7569564
7566454
7570956
7571012
7571304
7569212
7568160
7568322
7567087
7567117
7567169
7567586
7565964
7570774
7569409
7571662
7571684
7570394
7568251
7568293
7568311
7568336
7570340
7570387
7570458
7570132
7570141
7570148
7570155
7570193
7566745
7567112
7566482
7566501
7566644
7566133
7566128
7566168
7566170
7571323
7571326
7569266
7569377
7568103
7567010
7567050
7567665
7567003
7570419
7570446
7570464
7569136
7569455
7569839
7570002
7569963
7566517
7567613
7567616
7568348
7568405
7569657
7570224
7567803
7567878
7133406
7569500
7569507
7568820
7566258
7566251
7567676
7567567
7567225
7567286
7567322
7567546
7566413
7570564
7568994
7569250
7568987
7569004
7566760
7566995
7567192
7567238
7570654
7567598
7567614
7570531
7568368
7566966
7567114
7566125
7569281
7569363
7571004
7570719
7572132
7569286
7569309
7568471
7568470
7568657
7566077
7569517
7569533
7569643
7569794
7571446
7571445
7571455
7569006
7570830
7570836
7571376
7570280
7566338
7565949
7565967
7566082
7570809
7570833
7569362
7569399
7569420
7569488
7571525
7571537
7571548
7569607
7569646
7568186
7568176
7568196
7570901
7571466
7566113
7570014
7570075
7570070
7570236
7570238
7568878
7570659
7567819
7571090
7571117
7571157
7571153
7569640
7566498
7569520
7569525
7569612
7566192
7566278
7572154
7570480
7570499
7570613
7568865
7567468
7566430
7569986
7570087
7570260
7571593
7571595
7571633
7569838
7570145
7566362
7570762
7569023
7569081
7567829
7567915
7567972
7566605
7566719
7572097
7572157
7567849
7566089
7570829
7567728
7567730
7567747
7571189
7569813
7569859
7566808
7566550
7566570
7568128
7568298
7572117
7569862
7569904
7570054
7570073
7570084
7565913
7566037
7570761
7567838
7567853
7566776
7566847
7571172
7566817
7568378
7568633
7569067
7570972
7569766
7569100
7566767
7565920
7565941
7565955
7566009
7566041
7566076
7566078
7566286
7566195
7567715
7569280
7566978
7566044
7568473
7567876
7569998
7569981
7569974
7569951
7572039
7568647
7568692
7568695
7568828
7568930
7570778
7569909
7570036
7570007
7569930
7569934
7570041
7570043
7570411
7567024
7567386
7567579
7570217
7570231
7568404
7568457
7570551
7567263
7571036
7571077
7571370
7571443
7569552
7569675
7569174
7566921
7566953
7566937
7566988
7566967
7570529
7570550
7570556
7566526
7570348
7567301
7567525
7569799
7569047
7569058
7569063
7567033
7567042
7570082
7569251
7567512
7567590
7567651
7569702
7569783
7569771
7569968
7570040
7566594
7567533
7567536
7567566
7567045
7570068
7570297
7571945
7571963
7571974
7571978
7568044
7566890
7571503
7571661
7571665
7570834
7567056
7566634
7566683
7570454
7567690
7571502
7571666
7571693
7571717
7569288
7568739
7570416
7570417
7570425
7570432
7570442
7569652
7569806
7569465
7572187
7572203
7572210
7567170
7567274
7567510
7567534
7567666
7568120
7568124
7571528
7571790
7568804
7568821
7569022
7568516
7568605
7568672
7569581
7568715
7568740
7569071
7568077
7568263
7567911
7567914
7566752
7567177
7567619
7568164
7568198
7568206
7566796
7566885
7567093
7567319
7567325
7566815
7566832
7567126
7567221
7570512
7570506
7571459
7571493
7569927
7568420
7568972
7566922
2997175
7571679
7569555
7567621
7567681
7567683
7568279
7568367
7568408
7566734
7567392
7567421
7567423
7571848
7569412
7569446
7567224
7567270
7570519
7570570
7570593
7569569
7569583
7569706
7569746
7567924
7568761
7568491
7568674
7566849
7566895
7566912
7568746
7568758
7567345
7567375
7567493
7567530
7567568
7567608
7567605
7570698
7568995
7569012
7566497
7566761
7566772
7569095
7566735
7571577
7568790
7568875
7566578
7566593
7567373
7567424
7567547
7566763
7566790
7567760
7568813
7568827
7568873
7569032
7569114
7569176
7567713
7566807
7566805
7566467
7570718
7571635
7571636
7568189
7568261
7568355
7570289
7570352
7570375
7570421
7567662
7566984
7566875
7566986
7567060
7567102
7568040
7566505
7570665
7566989
7567025
7571205
7569304
7569318
7569350
7567610
7567635
7569487
7570952
7570964
7572124
7572143
7567282
7567279
7567304
7567339
7567352
7567406
7567407
7567426
7567508
7567515
7569359
7569408
7567765
7567079
7567119
7567132
7567134
7567191
7566513
7567721
7566872
7572147
7569041
7569070
7567837
7566800
7566818
7567444
7567490
7570806
7570894
7566586
7570924
7571060
7571119
7568474
7568527
7567989
7570911
7571086
7571076
7569241
7569271
7567898
7570133
7570186
7566650
7567518
7570998
7567696
7567753
7569165
7567904
7567934
7569326
7569422
7569415
7568612
7567583
7567618
7569648
7569654
7569678
7569128
7570488
7571255
7569897
7569916
7571600
7571612
7571626
7569227
7568240
7571167
7567156
7567172
7567324
7567408
7567483
7570258
7570779
7569711
7569364
7568080
7568118
7568137
7568192
7568173
7568358
7567168
7567164
7567173
7567230
7571020
7571365
7569116
7566783
7574611
7574754
7572122
7569666
7569851
7569919
7569917
7570125
7574691
7573030
7573033
7569220
7569254
7573124
7573450
7569505
7574861
7574894
7570209
7570724
7572016
7570139
7574590
7567930
7567920
7567992
7568256
7574910
7575016
7567578
7572200
7572058
7572077
7572988
7567896
7568112
7574289
7574308
7574306
7574697
7574707
7574863
7567072
7567110
7567130
7567491
7567487
7572439
7574747
7574750
7574924
7569524
7569808
7569837
7570032
7570031
7569979
7570046
7570048
7570088
7568840
7568877
7568879
7569019
7569085
7571206
7567786
7567754
7571463
7571467
7571475
7571495
7571518
7571517
7572218
7572263
7572280
7572284
7569741
7569883
7569898
7569401
7573872
7573896
7574783
7574795
7567702
7567718
7570953
7570963
7571224
7573473
7573484
7567725
7568646
7567550
7567582
7569080
7570223
7569029
7570451
7574891
7570632
7571233
7567719
7572324
7566754
7573027
7573045
7573052
7574312
7569776
7569878
7569913
7570137
7573578
7573652
7573951
7572729
7569021
7569062
7574904
7570140
7568106
7567906
7568054
7571735
7572579
7570215
7569215
7573064
7573127
7573152
7573156
7573926
7573943
7573945
7573944
7571494
7574075
7574076
7567704
7568062
7568066
7568081
7568083
7575014
7575381
7568724
7570367
7570386
7568169
7568207
7571322
7572303
7572603
7572627
7572294
7569768
7569763
7567956
7568292
7568302
7569246
7573222
7573246
7573273
7567729
7570434
7570485
7574939
7574941
7570629
7575079
7575098
7575134
7570810
7571247
7570680
7568291
7568319
7568313
7570022
7569987
7569971
7570086
7569331
7573300
7573360
7573357
7573392
7573419
7573433
7573963
7573966
7573964
7571520
7571539
7573342
7573440
7573502
7573620
7568385
7575066
7575172
7575404
7571269
7571442
7571807
7570435
7570517
7570532
7568065
7570676
7573972
7573979
7566941
7572025
7572867
7573109
7573130
7570489
7567580
7575186
7575190
7575260
7575330
7575346
7570745
7568387
7568413
7568458
7571773
7571857
7571959
7572045
7572309
7572318
7570694
7572757
7572755
7569387
7572982
