218661717
218661719
218661723
218661725
218661729
218661731
218661733
218661735
218847971
218847975
218847977
218847979
218847983
218847985
218847987
218847989
218847991
218847993
218670233
218670235
218670237
218670243
218670245
218670247
218663497
218847823
218847825
218847827
218661685
218661687
218661689
218661691
218661695
218661697
218661699
218847947
218847949
218847951
218847953
218847955
218847959
218847961
218847963
218847965
218847969
218664871
218664873
218664875
218664877
218664879
218664881
2952660065
2952661642
2952663332
2952665361
2952665315
2952670915
2952671980
2952674621
218239165
218239167
218239169
218239171
218239173
218239175
218239177
218239179
218239519
218239521
218848001
218848005
218663517
218663519
218663521
218663523
218663527
218663529
218663531
218663535
218663537
218663539
218663541
218663543
218663545
218663547
218663549
218664915
218664917
218275379
218275381
218275383
218275389
218275391
218275393
218275395
218275397
218275399
218275401
218275407
218275409
218275415
218275417
218275419
218275421
218275425
218806165
218806167
218806169
218806171
218806173
218806175
218659125
218659127
218659129
218659131
218659133
218659135
218659605
218659609
218659611
218659613
218659615
218659617
218659619
218844195
218664885
218806191
218806193
218806199
218806201
218664887
218664891
218664893
218664897
218664901
218664903
218664905
218664907
218664909
218664911
218806177
218806179
218806183
218806185
218806187
218806189
218277359
218277361
218277365
218277367
218277369
218277371
218277375
218277377
218277379
218277381
218277385
218277387
218277389
218277391
218277393
595669249
595719264
218665241
218664921
218659547
218659551
218659553
218659555
218659559
218659561
218659563
218659565
218659567
218806203
218806205
218806207
218836577
218836579
218836581
218836583
218836585
218836587
218836591
218836593
218836595
218836597
218836599
218355417
218355419
218355421
218355423
218355427
218355429
218355431
218355433
218355435
218355437
218659573
218659575
218659577
218659579
218659581
218659583
218659585
218659587
218659591
218659593
218659595
218659597
218659599
218239525
218239527
218239529
218792833
218792835
218792837
218792839
218792841
218792845
218792847
218792849
218792853
218792857
218792859
218792861
218792863
218239545
218239549
218355445
218355447
218355449
218239533
218239535
218239537
218239543
218239551
218275429
218844197
595800959
595801225
595825279
595833826
3104662599
3104198516
3104676267
3104193789
3104676574
3104191979
218664461
218355777
218355779
218355781
218525413
218525415
218525419
218525421
218525423
218525427
218525431
218525433
218525435
218525437
218525443
218275431
218275433
218275435
218275437
218275439
218275441
595671236
595802834
598026729
598217461
602340122
602684142
603142937
602337721
603199219
2952474219
218792867
218792871
218792875
218792881
218792883
218792885
218792887
218792889
218792891
218792893
218792895
218792897
218844199
218844201
218844203
218844207
218844209
218844213
218844217
218844221
218844223
218844225
218844227
218844229
3104678445
3104679829
3104191317
3102826038
3104503657
3104508012
3104679099
3104682346
3103274837
3102894803
3102902031
3102893813
3102894122
3102894241
3102828828
3104683579
3104684870
218659601
218659603
218836601
218836603
218846053
218846055
218846057
218846059
3104685524
3104685828
3104730387
3104734599
3104730165
218277287
218532783
218532785
218532787
218532789
218532791
218532793
218532795
218532797
218532799
218532803
218836605
218836607
218836609
218836611
218836615
218838297
218838299
218838301
218838305
218838307
218838309
218838311
218838315
218665231
218665233
595653174
595650940
595672216
595676049
595678644
597916586
597956844
598191166
598198711
598275442
598280804
598282627
598290241
598293101
218272215
218272219
218272223
218689801
218689807
218689809
218359009
218359011
218359015
218359017
218359019
218359021
218359025
218359027
218359029
218359033
218359035
218359037
218525445
218355451
218355453
218355457
218355459
218355461
218355463
218355465
218838319
218838321
218838323
218838325
218838327
218838329
218838331
218838333
218838337
218838339
218838341
218838343
218665235
218847995
218847997
218265151
218265153
218265157
218265159
218265161
218265163
218265165
218265169
218265173
218265175
218265177
218265179
218265181
218265183
218265185
218265187
218355783
218355785
218355787
218355789
218355791
218355795
218355797
218355799
218355801
218355803
218355805
218357487
218357489
595510126
595517044
595399615
595383967
595521891
595529364
595529703
595530194
595530486
595590007
218532771
218532773
218532775
218532779
218532781
218355369
218355371
218355373
218355375
218355377
595664561
595666018
595666660
595680893
595716520
598178374
598178809
598180225
218846101
218846103
218846105
218846109
218846113
218846115
218846117
218846119
218846121
218846123
218273657
218273661
218273663
218273665
218273667
218273671
218273673
218273675
218273677
218273679
218273683
218273685
218273687
218273689
218273691
218670249
218670251
218670253
218670255
218670259
218670261
218670263
218661775
218661777
218661779
218661781
218661783
218663467
218663471
218663473
218663551
218663553
218663555
218663557
218663559
218663563
218663565
598181954
598182179
598182200
598182221
598182264
218846127
218846129
218661675
218661677
218661679
218661683
218846131
218846133
218847815
218847819
218847821
218663567
218663569
218663571
218663499
218663503
218663505
218658683
218658685
218658687
218658689
218658691
218658693
218658695
218658697
218658699
2952653561
218275335
218275337
218275339
218275341
218275343
218275345
218275347
218275349
218275351
218275355
218275361
218275363
218275365
218272243
218272245
218272247
218272251
218272253
218272255
218272261
218272263
218272265
218272267
218273615
218670211
