12883284157
10466605092
716312
720633
863010
15380073515
403695866
16203334830
9527247102
519148
562645
523228
13779784456
510055
519176
10508545306
12314273408
10482129490
14531348919
514843
561913
523307
531831
10468941816
523471
10485444726
9297979929
12808290452
13060912075
10609486078
12125392720
14088946923
7157663447
690787
439460
14823429355
13673150773
11312581890
525347
12496646522
9167829078
9344406555
660893
12517102999
11400131973
13781159130
11842067529
625231
9213326470
514611
13951125699
10642167251
419159494
16188905337
396915
10616167337
865229
9866979523
13777238977
132111
108431
108110
111759
107828
134645
721988
14445763142
9637300598
16288862835
13119072504
1468955907
1468956627
14470783930
824352
523644
454210401
9291473752
10465885082
9301994425
12466628807
13786068095
13682124405
14534654714
12622505736
494401
13578089114
14466285735
10490490283
14868994029
643266
11003944405
13806135202
379677
565097
14226046121
869706
11653477213
11858684156
14225955131
171520
10399376766
780105
837178
621387
674524
690661
303125
339044
367026
387603
334627
330405
13802736950
340324
13449411130
11751614573
10426872607
528612
831530
14843719061
11268349220
831940
132483
12878287729
13238552706
12556307586
12916620789
12528585281
11232788246
2806189925
9730167302
402144
9882640645
441144
624154
295291
12880878533
334740
13914217492
15372813781
10786209728
8815688336
9225384003
574240
15015284413
12511340571
10500861676
15075126205
665405
13555960508
10304129271
13345752923
9588448826
833493
236685
655672
706578
14851313812
814484
15015747151
14043160645
11754467256
14913548939
15074909398
14951722849
1468961314
14274545960
351915
15046261812
9434681724
1468955834
9905959560
138266
13609535840
14802789482
100868
553289
10202936846
14056689821
11995262660
623695
10670635024
14078164052
12624064569
229688
183328
128152
235688
218499
170215
201325
11775500390
14375004064
528647
819924
14437797589
823713
9371163261
9045744191
9245390048
785464
855942
8695626550
8934364375
851692
794515
833441
854180
792552
822080
18486115140
13610484336
289764
316410
403317
323696
362600
419113
430713
398283
292185
13507578667
16659985819
762914
16473364944
15630985561
14967410749
136884
119352
105674
640443
673062
11064642124
871239
286504
210828
15221786843
5612394094
1738009426
15087435747
15270781585
294907
288368
334300
15606978550
15211971490
13669495309
12212300582
15980996137
12405380486
9372182364
625677
13449367094
858230
14701494760
12971687921
14485823239
9138811387
14442056529
630631
14142054242
14489682510
14409901805
13136792825
303507
1468957091
297697
549142
14740962093
2814959356
519624
9873789067
13416904509
697362
15508754267
11958164747
791295
685648
8953157448
659311
10465697878
856178
9134037888
6723694311
8707335092
649187
514950
514949
108445
489123
15136619885
13680774071
14397470712
15235572006
14040442234
15161385623
14418902722
15410878120
746104
15661611416
765410
638248
10301181879
14935552610
634473
13685464914
10605703346
13215465892
11887994297
524671
14171171442
10601710034
650967
13497018212
16310072034
231884
9225392288
488022
9873491725
157990
116714
105072
100175
147151
15831332635
13514990094
4895736547
13530382753
14151519027
16468341235
12981465750
13818283921
1468956230
1468955935
13078323677
353851
110527
14942919099
16074049646
16086705410
10308217023
13431534337
14757147532
15849980972
14612499981
15508654587
100568
319449
322754
322034
321741
346366
346567
344602
318573
341450
325810
337309
335706
321037
326161
9562559417
14986683768
638109231
13377415289
10299928257
10332043476
821940
10072359212
667377
196332
1605609871
584281
209453
284369
10303049265
500619
171260
248285
231607
389934
304779
351697
170288
481846
353380
366209
532759
135898
206113
121368
188906
208756
12094013053
9481218855
639403
11388614972
783726
10399289630
14580198945
14568872410
16196351683
10340574778
10298244591
699339
130201
9391043075
292482
421265
464172
407028
352324
323644
332464
343099
372686
336006
461087
338641
317182
343883
350131
324179
357662
357001
351532
347520
217990
3193320225
360769
357908
352127
327008
12424324694
2447357910
8823109748
10590237910
206901
868951
526269
713482
12005677948
2055091374
15211761301
834518
216545
181620
184882
130098
154098
226041
235439
171338
530118
165320
125979
14070712387
14053086550
14987801071
16248175303
566353
13973124459
9596470324
13889634178
8837044520
11390418084
714014
9675794467
8701032969
10032411989
15831306755
510731
14843126992
10647863512
14768031494
10074199565
15982963847
214655
125173
341255
320614
239867
411536
396018
370144
291270
319469
222435
9265997659
11388567887
9290728976
13208790761
715866
216388
232971
717196
208486
182136
8806605229
11840689528
623789
14025694197
11781163058
14030368028
13571198575
720974
632061
9466011373
12736472120
11682747216
14012497831
156618
16375348488
639172
258225
306562
360146
389622
351291
217695
382936
338627
336667
359371
416357
414657
332602
320128
400150
2996963906
355817
470473
408320
408539
638915
13204579785
12896316281
14888629361
12890755698
12895852001
13113715587
13389730668
13416798825
13402097320
13300380210
681360
13324002875
312427
13968404709
772939
13144107916
13777647792
711280
851118
671768
717013
15813804657
1468959647
13788953672
673140
9245303086
100513
2237093759
219249
326236
233102
403791
467459
352647
300425
375500
347320
307755
290046
395978
358114
346880
460774
290868
402745
471808
399541
379522
301869
389787
288766
500998
545843
500767
713007
519762
9713867232
667593
662159
689715
9785422213
7153530792
7956080140
605681
641963
5608535124
9042857631
10505028329
5608636556
520033
9265248095
505272
512553
112779
179643
119607
119604
114959
118526
184825
167785
13250924939
12529439847
13013689099
12530184768
12889304666
13560090753
9290670029
646662
501495
504515
659710
634305
645743
623509
512541
503576
639420
203974
114548
200413
630471
14445553843
13026192313
12922035696
15301734770
9637567651
667903
12881760095
16594941898
14301557464
635413
14277084629
10480135156
414410526
14005973114
13545394058
14817432708
9424997477
12180231890
640152
9245439190
5255623938
796810
846068
503603
14956013414
16211908390
559101
13827333001
206412
110069
9123630465
8811410713
222831
153426
14795351813
15258515234
14786687569
14948979062
13667539358
14802250561
15267201706
14839229427
1470105760
587429
15285916715
122318
13728232665
15033424796
13716944051
866231
606593
693168
688914
208746
208786
639935
10073925989
10344637542
524604
600721
507573
655365
15818978879
639894
583214
610682
473609617
656727
835779
13429438910
847235
794370
9900079502
9344717687
627559
185378
617627
14809786225
14909763403
13428739530
13427063866
519079
543344
14716099975
510821
570659
14376794583
603811
690019
458423
490637
492763
527147
490223
490417
491765
13030312076
759834
453604
540442510
453525
525076
499375
455167
498470
455222
14831770639
8934891325
603092
13244959740
14485692424
678180
13918833355
12792169467
10842426539
16645655624
831372
13557567120
12179182874
12176018544
12456215184
12179324214
13433010268
135835
11755794928
11288118281
341831
123053
13935469472
349763
11792481477
339225
392181
118851
13720782247
10842435317
16212741124
10504944759
11374323645
531262
13368806844
527042
10419762130
13489956337
10498001100
15819080213
10755647579
1468967624
9241377504
197465
196166
163606
112816
151108
512871
10856208879
13439540678
559603
15013306911
10828769596
816996
9291031958
14605671078
559541
7281300400
9579001665
9223010157
14616382710
10301416160
639415
561374
14703604136
12933449271
700558
577642
579202
579084
573570
12025497536
659639
9716234936
2819073205
737484
15211047194
10829333361
10829333571
166865
216867
15882924936
11333554554
357551
467463
401853
468467
358278
402657
352700
348596
16440207519
314560
13599206918
306692
14955785345
13578250526
14786710552
769817
530990
14507139743
10955382734
10568899066
10569643513
10764047586
10946689970
8984797991
10176494332
10955316131
10412763761
8945544660
11040366811
316159
10709997617
4556231846
101120
11764746774
14789416723
11795480543
14851234136
631242
441933580
14626448616
8804437925
16614078721
14823149115
9494656316
10145057164
197546
557881
13342348449
14027636297
9682004521
491393
9519547329
415811697
166582
165790
13115123036
769657
13973863636
552170
462522266
14639741733
13402201849
14785055469
487439
519240
491933
122513
310730
9866029913
347802
331456
15073565562
456822
640666
11131534405
487954
10029342520
11174573459
9991912907
367835
870585
302825
13323849345
12223841146
11450060446
11566981827
620136
13234560944
15998408053
10399283051
398059082
613294
14881849274
16009947122
10662266472
701526
8886193992
16006234674
15442218272
10048625620
595235
10690145370
12312242768
830079
9490044284
9294133072
177796
131345
175181
14114444914
14189334316
14636364513
13813853403
14392290070
14149233695
14295754641
142177
14101720829
15540429449
13734074174
13745723590
15425603869
13702662529
14686028877
14067219553
13827790914
14485592404
443558
594071
866005
14215348905
14479248430
827635
597276
858995
192085
10284509035
703624
10497688810
712104
578931
493447
690367
638666
9038952213
790946
3196133829
776684
276420
396060
334299
303284
394747
330769
339282
345755
349616
399491
259727
303839
340712
407681
394532
306137
413100
860629
382872
380577
334746
310126
748580
630061
1002287640
10421953222
444029
419488184
349085
474822
474662
722074
453362
415284
16340538408
14527137224
13685416304
184425
566403
613451
570228
13247884677
14479012435
861157
10046065046
16622299412
14589813808
176121
787249
513527
557871
365410
177359
7152614930
671401
9776296599
9685891095
766696
679805
6758580385
710943
8976974881
700537
656418
710102
700589
6754124340
707789
693162
790261622
407089370
14047671826
1610917212
830196
9044113001
554557
520651
828990
470810928
662652
610684
228455
101275
177426
204796
14494070060
12957423941
14464264056
11995306563
11879423356
8814727666
532071
11160302245
12878469725
11705975175
10721127843
115227
10416584848
10466519368
9725069608
549880
301355
521525
874366
777953
13206322714
13234169007
849172
174871
184920
131549
669159
638104
485673
14960143892
10321862154
13828118397
13241459191
11859125209
10004226951
514484
9394016716
5989564228
177478
186315
121726
161914
163079
165891
103471
1604767148
10531955522
12408726825
11215957455
16628702387
14586033352
9527566941
10851292892
13656735369
626972
851638
182895
13543742913
129861
8953143019
10824629616
9391080835
13052677521
12309978617
588863
13263500547
9017939855
172576
9371456740
14496641371
11773722981
834283
292569
219243
13247921846
9760679810
14615397352
408562
419162876
211722
143014
803410
15375422813
9813554475
198625
12317647688
867270
472346202
689606
16471506124
12575350597
10360958411
2057372548
13656596718
12569498837
11125285270
12374881613
12382127467
643284
13662854142
9716282666
14493863871
641923
13653371541
16573165609
15928776265
12680850072
10283992901
775756
768854
9777149286
13220514936
9261389374
849987
14567760635
658949
795811
785573
14697190207
157663
13845716817
629105
11288196081
669668
682650
648798
717624
13481724394
13543486823
8724067854
633290
507748
14354450005
14168049970
8923969198
633140
408525676
14144952294
709512
318034
104581
177227
106435
144981
178593
176190
101374
170559
103841
150390
111547
155458
791348
107843
137982
13749795500
143936
162127
381817
165380
491859
380421
14693233481
222934
780832
13515120259
14526567347
13502181759
13823085467
13685334461
14325000981
13818491096
13582539776
13536195293
13738554248
12885369872
14335786001
135156
13599611229
14981246946
14619377628
657642
14716591937
9784179587
510694
15042209243
567429
13814141194
318041
398369
339725
14697432988
195206
195445
367447
183724
115734
335067
345121
381652
303308
307730
9024297435
212119
11805564883
13482179989
15045740228
334723
287614
190034
360172
400955
327261
228143
131514
177624
351782
368953
13673068978
513537
556532
841166
10564643004
14192864324
221978
476394
662963
396505
397869696
431377
10406741831
876162
224403
301412
506425
18491918398
18491914387
18491881942
18491880759
18491844474
18491842510
18491791340
18491788746
18491785351
18491785330
18491785083
18491613713
18491603657
18491602681
18491493953
18491493928
18491487725
18491425293
18491425272
18491418908
18491417775
18491416457
169865
176360
144648
155434
212221
189847
188913
192891
180930
652585
10073465477
455221
15015214546
338638
469861
418543031
345994
309373
363514
774866
349108
1285609937
407358
472206
673184
10849484651
330517
12058110451
300074
841230
15683940630
329682
9868257515
290185
571314
14741474167
449169
475429
473047
652290
427196358
462153
449005801
410188
441684
688327
410666
444185272
185007
195813
100341
135052
123624
171994
103789
191085
159885
202527
167382
168113
152933
159709
165974
159591
177990
18491355798
11721846473
15300367832
14478808366
542777
609846
5630066526
13075045301
8863334977
3493031891
521708
5616070898
14694368063
669223
302434
313667
687969
13673064263
329146
522127
366817
401299
312643
12324372704
14375053743
611420
630258
9822163411
626511
13155583729
327766
427821
309011
383352
362895
298153
368355
290882
455190
392030
302222
259202
398360
239727
312389
337930
326258
370283
303903
296154
368605
314904
332553
350857
353184
320511
361632
194058
330533
840549
394267
369781
364052
468699
136415
366931
345047
348492
353218
377416
357427
295015
305036
342834
393551
327889
366890
308531
379374
716660
316796
353103
743630
324570
347270
350775
301925
244246
371240
328388
307313
426399
339048
394476
315249
343570
316612
346881
317299
14917555321
109189
345321
614113
387524
187680
357705
401267
447699
717562
334605
343068
413623
845877
113652
126568
172481
792062
643112
107007
781254
434435
510357
602194
115728
119619
120356
122452
108009
113894
14217676209
15906661225
15906660418
9048919609
14298431486
640223
114588
15816221909
839430
10421859292
9618143984
645355
719968
398343
534915
8707364177
16037511068
392124
12408741496
577073
770091
12566260647
8947666427
12528547031
9726010555
15018510927
13613521379
228500
412744602
864185
9636475161
9795794284
15255260918
307672
12411318588
717329
138374
2224476506
13734086180
16068467665
16134771431
15964584188
578967
13545247484
615421
715527
15983280972
15791983368
496912
9647118603
355125
9205114378
18491311529
18491311504
18491122343
146115
133311
178316
134495
124470
148360
140665
146147
157311
162200
671110
566597
286079
345858
353294
167552
465655
14231138609
10410549851
622692
14205753921
461808
367082
347067
491969
355983
361776
133477
152203
333475
166977
399160
374746
13241520895
361033
338294
447762
373254
8952054315
353342
292372
530041
442260
10466642999
15906470205
435637
344916
404846
2052771661
373427
309042
333942
341625
809565
15649909253
8830923035
425832
5625129497
313729
477267782
9140456002
335047
9215852255
327883
802638
107209
468722
157425
154858
11604829480
849704
6758076610
455820
1468965439
592902
14196854704
740817
10284265462
8976135279
10824616301
13497374160
640512
9042670717
14469582257
850825
9224319120
682185
13270982211
199288
100013
187809
150915
209281
209891
192096
211776
115149
106094
143372
163859
125124
688737
9252129245
562710
447841
291034
343478
9133810212
464449
423607
449005897
399372
421075
604273
336689
306130
298393
301378
334813
304215
386202
334118
327986
357759
282694
327795
440620
135247
14883599379
508624
13578861392
433523317
358592
302168
615446
4236756313
643198
451078
523015
14615721548
409703
15895862171
13545576406
12499406382
13497431639
2808804682
9817966355
15079760622
603857
16468921889
789039
9481129825
500030
15452288383
16595142322
12503352799
10341443800
15445549025
9745560209
493483
588366
16300600592
13643836514
612581
660648
847359
519546
582451
9021703194
535917
513609
584200
547209
529311
574258
583008
874475
122170
340296
346404
11826750177
103111
333280
326100
1007777330
404538
11764266404
362019
11671670935
397265388
529985
10231197488
9341575382
12671878358
11284971757
467339
652967
336782
8743282775
1468947569
10087327718
380224
11707227742
7957599771
471791
9315407907
350802
288192
342176
491589
10520605852
11183455707
598956
10034362833
654710
423142
501603
477121
16202302293
10158663069
11452284887
11285224761
114599
346328
12378457775
312440
448971
748198
377571068
10554477861
814064
8896372552
10247116811
624697
13592018262
350979
641800
13536094243
309610
312801
350005
308157
312958
13060842444
431537
340898
343967
849258
9435370709
305465
108251
111698
2624246805
382565
577895
12610209558
718360
13701930302
812987
1285993348
146582
136052
131017
115272
178887
152748
163120
180168
160407
104834
133462
362790
767723
10348162749
705793
10657195120
232030
210801
137201
125990
135833
429544
10443316304
131341
203779
111515
171549
162134
10149339468
483628
16291461010
789451
15348382757
14025798756
12975468300
9483673140
14005900921
615408
9678866139
9676235274
9516874202
14894727418
15619339141
16118071722
14013019887
9643746432
12772288421
9381555045
3491493800
11997130215
16374951711
504429
16649772643
212633
187300
178003
312435
151284
334993
388853
354012
302876
361790
336663
311390
170346
390103
185912
168886
177323
689477
139539
187589
148882
723962
628757
14147897135
14226370393
627480
629454
631637
649590
622650
620748
611242
615524
620704
639102
9681073027
14478595122
586163
676387
610151
639591
148515
104730
114731
102757
117508
346789
12350637784
11948453635
317128
250958
290992
343578
273098
355311
309317
303060
312968
311322
274174
337518
360398
454945
394282
575848
853751
14295154694
154090
325798
15237576724
15237777017
319677
305404
14985437548
14691417013
653534
375102
380066
163228
16418972626
1469910430
413237
198030
324211
789130
9726753003
15435642784
300302
15644995502
9752475709
395319
13664761212
356923
320858
9584020061
311523
9872150369
580734
8899897658
5980209597
718702
13241536041
1468956341
1468967567
724246
13869274563
14774863706
12888672491
14274502154
16508297880
13978711340
1468956288
306432
281202
263201
304462
12541455603
469820
13113839083
1468946083
13381137278
333810
661993
11748216073
610662
677894
5985377122
122050
164614
168513
169843
166412
203268
187350
180732
154484
152288
231795
129991
186675
208780
212698
192396
166920
135721
529903
10812665233
404475
296184
11171946910
15343186729
10414140162
16026327634
180033
1596335230
1468946145
571433
321342
829937
616783
373893
569293
544787
10903311409
15531354159
812329
9570749722
544403
15531350165
10501494436
341338
14711980850
775249
326532
645886
493637
324949
12878660909
10858151768
10004057762
15164545369
9621722061
10466757094
171328
10532062151
843803
9651662498
623855
746631
536256
523330
369316
466607
8848749432
250737
376570
623785
1468965593
5254975231
414744741
642343
644416
300530
373781
648657
105472
9509634456
9883027972
9271683125
715574
9222942455
493482
9839361456
4896169307
658250
16368325667
650760
836686
657744
597706
14639719843
14567790080
516504
13348886689
10076776927
577121
8773118350
607925
587612
612626
1060723215
14696058051
14480755037
652174
409760
2811779112
8729975881
644918
357753
383701
407424
364548
462237
327474
648553
3206829221
870429
835831
670737
718832
9276661218
14047889219
629031
750252
420737
575990
861023
492546
14301718006
11249773655
336068
372987
376008
402633
325349
337915
318667
344048
329696
337120
350683
436626
670213
344149
305565
393561
404700
313655
323704
346423
327593
333491
327890
358260
384936
403903
312251
337332
366452
367819
389756
339737
377900
340080
407452
424157
396711
295998
304647
330085
308801
305810
367164
321560
401654
330925
304777
325081
306198
156657
283816
236367
112928
334396
380431
398138
406191
13230584456
472657
9836026518
668597
228569
676598
795392
640040
364608
8901112935
281414
362608
348590
516274
13215536060
9412580067
8824785151
609641
3193865240
1468956477
510487
5253755601
648544
640117
810287
826722
638984
14636026697
648940
583957
333955
816194
634751093
4900620124
12676116534
12527876126
706784
5991562039
640561
600527
9076895202
600222
649974
626614
866247
9907444489
687293
698673
683481
9269433482
10542377461
516603
16656085483
408526956
10167426021
9670074651
9223317499
517428
291271
564633
14150166296
13459583975
14629428082
579057
575407
518808
793837
763778
805480
785065455
748408
9521402608
16092887859
10202883260
9250427990
8719372427
13536014807
456595648
15372765364
9712965957
670824
9624968319
370890
194908
636109
865958
12449641624
250952
13541444640
11932508878
10033815433
9621867257
15012994056
218515
369810
318082
14608436761
606415
13639437392
13846487264
11299078980
13036956243
1597713125
551796
851973
14520644527
422244
852209
13205433939
14963941483
15990951598
10978292375
375842
10944135493
429693
659275
8861713159
110320
14189185546
16228908426
15221347178
16587758427
14992813397
5622631953
16619246394
15623351783
14462998464
9381233889
16616564706
14359265134
289554
228208
12888940193
368550
338715
1468944262
10310852189
10045416810
321294
9251610054
8919277247
14288851658
122000
131713
106698
127434
109312
144566
173856
196595
110453
110517
206927
122051
132267
121706
169956
141206
134479
189887
18490942239
346325
388581
401553
354628
381173
355336
368839
330824
315688
317682
382932
302914
316745
383665
390596
327927
306391
330932
443341
10508984354
374241
312048
300915
340250
300585
369069
316453
314657
376357
466345
347400
301113
303622
324776
376000
301990
316101
360209
297200
389833
378181
333605
316472
369745
245875
842392
413629
446198
358242
345430
406284
423943
348684
369154
332335
341494
315781
316251
389828
212911
333615
318446
372393
318674
743459
424819785
320106
420781
12336504100
1468947488
10043908614
321267
12431435580
245802
10406455089
12784732134
290023
10466109828
253681
16086585309
12934961809
16374737263
15518103099
15603607997
8903111044
16374599973
816256
12030201010
9124551461
15303190571
12804151324
548894
597672
9261453330
770001
13034771778
199890
13164685697
695003
9600859377
607693
15824777443
11611476156
12811274077
9211103844
110312
1468967966
13130455728
401336
10762533729
122437
14504028692
518052
689953
10158885772
9755426292
9673630935
564492
570545
9570076490
579345
794116
666148
659100
500798
581244
789225
9616674029
8853657823
607659
657662
214678
626630
606759
264543
9578561297
613175
617007
612037
595030
615789
620256
589434
597399
582954
634270
501482
600864
530023
510051
14174046269
9922037975
679019
9304207136
9939673383
10138429341
651994
472310
5248107607
749481
473002
467813
489484
453752
461120
4907512191
458571
469191070
4899451370
677232
643833
585836
490554
488481
492787
495242
724357
749046
485105
487625
487385
495142
647934
13932245035
112960
7950296229
469860
472069
477793
373590
388962
328895
414850
404644
310252
297309
342930
475017
332713
394607
345293
292338
388339
433524409
363962
377705
310891
347789
9953972778
315747
8730506120
391092
300054
386565
304612
314698
433522567
376338
328880
477271081
9912692168
305029
378685
472084
314003
402660
358401
340610
323317
9798557016
367321
8801212182
672751
820706
8679607338
685518
818179
325135
223486
299403
291647
352035
349300
344086
435119
302806
315296
334567
356087
466517
473852
363216
358715
330164
326355
384039
796133
317332
336584
446528402
815414
396785
342361
8829157546
331001
460611
317285
352887
322219
459577
441565
727281
8927045123
8806797848
429015
9412974510
9392849551
9596961647
832563
9600771505
762461
9082976072
9486823842
9174573196
9711098398
9665205763
9319050989
11135060818
8905039480
9319194774
2209748873
9921091195
747962
746960
9394229674
749840
9494816397
9724367923
748003
9239363820
9748438152
12804244474
9442372204
9442523514
764852
10352508573
748275
7552258320
579240
720241
9315442589
9301997460
794590
7551499600
669413
668198
168238
223698
108543
189106
201060
184312
171787
180414
182207
203961
188747
214697
233665
172429
188166
188278
217319
372126
374903
389732
257175
604588
174988
221441
203484
172841
155424
177042
372561
201148
220001
226838
210387
215457
177862
204641
223826
379167
426219
369293
471621
302338
14001718808
370444
340413
298335
297065
13856368777
312936
286816
689302
352480
410522
351656
418118
373290
293734
5983108340
393472
472663
14282097757
14496790009
613022
10821082963
14586097387
362300
302930
140979
319301
386345
14152768575
14472411494
301393
10504377574
14377009098
14433870966
309813
340399
14392218555
15087131332
10676513001
14483527392
314371
5251450147
15717395877
15376810111
515204
9344584525
12893488489
312132
156921
14149918011
373892
358815
355231
533394
370150
366526
425094
396332
286025
401491
826310
385936
378164
385950
366359
363030
289831
334937
315458
297308
697182
335760
441592
341676
365501
452256
323055
10439726378
9270497086
327239
404836
358627
6759753864
418092
347438
302436
224929
368723
384255490
345832
361669
14177055425
406257
389790
145212
134090
213708
184659
229976
118030
120129
157268
191976
182738
170688
173335
121993
148823
188573
161707
174443
184452
140422
116814
136676
114691
166739
162652
101141
154295
174319
117350
164948
155961
179882
106666
15634719383
9671442915
9955812513
478865
16096375431
12529081589
803299
9620141625
476948722
12329006451
9322496358
652087
795704
15021658541
14551387238
548401
659718
715020
878510
777469
13822613233
878460
15640585769
538425
10049286677
13834088580
3919355715
9076043624
9967605355
9466262467
16248257629
390421
16018585583
499679
369143
486346
139619
150988
162018
158863
109453
165901
109048
107386
160684
170849
109366
107214
159868
134037
115285
170017
144462
171830
166961
164441
204686
215564
177163
12984803407
8899412493
10325347335
631539
14025699674
13538543467
12230302202
701954
305212
13638785372
694143
640156
8900036635
616584
16294420126
639486
16303323296
7158305632
795727
625263
592234
16309866721
13595834328
14693414011
9781716642
8909455867
9426417091
9261787409
537711
12185159490
10022395379
8826867903
16407295285
720920
719862
11791949244
16386562089
9526663602
701837
696360
8910844622
13656706647
861335
361059
674261
631662
10344740566
15702149950
1468967010
589507
357449
630670
672011
16410148716
15179209312
13775160685
866708
433466967
13207964034
16613869905
578079
16602910647
8931676303
841534
599053
16591599581
641277
647337
629683
639830
2992959848
634815
13149335634
461014
9603280157
9248821204
122358
10301172148
611354
115740
8839613397
117886
118623
127285
122233
157175
114605
107965
113849
104734
105462
118729
112239
103277
101347
116051
110421
182865
113377
114432
123589
109234
101679
108342
114882
113936
135755
113704
102594
107231
135684
182462
102249
109515
122768
182826
105377
134013
173156
109444
126892
102746
156067
115631
111202
342973
10988897944
10471540031
383143
550566
531878
569100
580781
10292960092
635330
10303966987
702836
102625
10938025880
16665629001
873547
328051
10692464618
459982
10944635985
12711725152
15343304117
8745390883
662737
536677
11057332375
11060008821
10955383489
10322040761
788475
576831
874745
12476800227
11602508329
14056031060
1468956170
856176
544040
14523614674
15475322277
12881361177
8849482319
874501
133202
183072
111461
113630
113147
170725
108846
141746
106658
113449
131275
117514
115856
101121
108084
105603
148522
103248
162411
126682
15883243711
9683283956
687330
15682666698
833147
631435
15002115534
432716427
15345695665
461174
15925746770
723333
691975
14400856985
14272615598
13132888237
15615311399
665754
9783568464
846005
800395
835112
14826513423
629627
15173029498
10471355694
12044097787
568232
8836914370
254027
16037940238
15460744743
15607883626
309454
762981
719927
10721279683
10321974402
627052
783131
8826786754
18490794320
5626669774
458043
375257
15720364294
525742
9335585817
15355600101
399523
342346
10670614438
9817555314
13626588388
641253
489599
5612342942
865566
641599
492981842
14850797871
12209140996
13693287331
358474
9777163445
14025501139
14027256207
9641724489
450786
342369
10771449491
15302855575
11388276657
14578334423
14608662784
9571935089
8922676920
16358597173
14839209419
683680
10684162098
13996664852
14556986790
9576886978
14030240948
14035445354
721812
12866626900
13823109340
329335
15627419387
10168783535
15782301084
15794569333
10241574417
10027173637
9901498623
617243
12818961946
9749314266
778640
14819936558
615788
14097306063
8755269198
12897487414
10449461672
765427
14109686128
634760
608929
9727143398
15747976972
683116
563444
12872264795
327667
12545947817
12826315552
478896
16022182013
9646303916
10421963184
14088642845
9796616292
13455143611
499610
12750734485
716376
612086
14789355502
10595870625
12815640960
14831773846
10670202336
14060449543
8803749283
14057343411
767611
14186056730
785680055
14683187350
12780526000
505014
15733136867
492537
12771985837
12690975259
10655760700
9184805806
14047809808
8720211006
13950644376
10202691340
8825244376
9641735424
13720804202
14078977240
603674
13449521627
8699717317
13118916105
381323
281163
12767670631
14203338323
9754201718
15781786748
9915462024
527239
740802
16446796330
14255422747
9180903698
188959
179421
153480
175745
184323
180419
126002
189541
181333
187723
202437
119570
102808
108076
169648
155853
176439
181813
106552
130492
167679
167580
102792
103129
123882
185056
124602
106935
652239
495173
11195755067
13474188710
13817795412
8804594923
10504516594
10436566681
385034
393361
1468949451
14274299603
310418
431012
376857
10879166107
12891216971
430613
10495181406
10466498239
725639
10479551125
10466529806
16575860925
10950183650
12073124578
401819
365991
477268
13004385813
376266
374842
294958
304734
15299446979
304511
14384004678
314000
311261
314409
315576
10035760358
1468951192
117722
460096
264982
12489997992
308086
149900
4565887146
225223
187021
199784
143867
164655
116125
177632
214716
147347
111264
230021
232185
162843
196536
184933
175321
176156
157643
192426
120065
15251974928
358126
10695346679
308080
348326
341786
424397
452206
448151
391072
404655
139538
1468946705
312736
376875
358266
405867
312087
370237
310901
385865
407164
12678778408
12675914294
592968
12607441642
300671
8831489656
350428
12531513881
396054
318652
402300
289971
300231
271638
143271
586642
531939
16196251481
14462358956
373314
299493
15185258009
1468959873
1468956897
366692
1468961821
9838351824
14301408928
1468944952
342129
348330
312606
363509
387794434
440477
428505
442244
376982
372499
435644
429362
447789
447823
435662
8825247961
430702
440679
414302
422037
432548
468737
273519
433524367
218190
217871
433524751
112346
315142
317503
455399
385835
407716
407250
372181
305027
402545
477262
343751
223322
468523
435908
342621
333664
523732
333539
309175
317916
333577
399146
402669
446003
369727
400520
242394
336354
379143
443381
8972929739
322498
8737665625
483666
10501191336
9210268728
15432846539
13669515224
13669516375
335725
16593510921
15102526704
11766828438
313401
14494446231
14196004198
500924
13179743205
750275
8862322685
13389734750
433796193
10569523512
284753
513796
272029
10593646752
15526693161
762409
16114718342
15808322095
765909
13151886413
390662
376486
394657
301995
305214
410531
331935
324522
356655
288722
301091
451686
330797
395966
316211
545630
303457
385081
300722
414893
462875
345583
306093
321013
351788
330275
217060
430200
341476
330141
332198
393199463
11452231994
16575156759
13117029278
330125
353193
706946
462147
392278
344521
808595
13662759069
413960448
450958
472687
397936
442516
258112
133067
826699
376255
848144
10202381747
10550687694
11170316680
673109
321440
875577
336941
344260
346662
318548
316971
331284
312580
322804
311695
346266
323762
322728
325372
349662
561478
373691
390609
400440
454549
378857
406582
396200
374470
368123
391213
451801
406116
688335
400587
15500963571
291147
450985
293799
345914
337652
281576
640607
408070
392232
291403
282604
295062
290135
310551
363802
9636691129
373810
387050166
295767
361979
324286
354984
288762
401384
3005897827
677440
15502271153
514383
15358885523
15076562572
389204
1468967776
15430526682
289589
326486
9350350511
16309889544
10404910820
9381544667
638618
521673
10477219075
620839
14023823291
11910803234
15816349621
12874810142
13946663666
16276235968
9833037834
123929
104251
173066
122884
177077
109462
209677
210844
566342
328239
8949875758
13918190382
14367327875
10642929645
226359
11381862479
11391014524
606059
5626249535
17114380138
495650
15407425087
576871
16646818500
9651265342
9163254823
11393483237
15511991365
16492058253
12891252518
498051
10616157005
627998
620569
136937
182873
202824
161594
133076
13638849227
690032
203999
12097028902
16123863055
14572902942
10652113914
13932628704
679407
16329452742
155954
113781
108900
109005
101364
101150
105760
103940
155577
171052
133337
178253
119627
127819
118739
112444
101588
103963
146015
10656831154
9425933189
193603
583273
566841
10528315600
12934883469
13403278610
336032
13477550014
14520376081
15080942291
691528
9820366416
578182
14225980645
778048
420528908
8859350727
10404897183
384699
9839359705
10332075997
10419327679
14989342704
712463
13501460349
477272866
474946165
436510
659510
10772173634
597368
10703089084
607643
232959
8951089246
9418388701
14983739523
493836
10699521902
9130367225
14183158555
15018395116
13222548243
691167
679795
419492322
11499200930
8856445390
345232
13179711302
14387634591
309718
1468956267
14419681465
11944268675
407580
346612
426488
12968065285
12891621039
441540519
308686
458015
328482
13574160372
492181
9136634130
301938
11745020922
11762311114
16628708772
283459
604098
711975
587289
315963
591556
311226
286182
13823635654
356336
404727
129328
1468965125
843674
13208712093
14279862799
11465092856
13207969137
434198
8957966388
14463925355
494642
15019033697
620452
317894
701890
751560
11853397851
10341230393
614286
10328062639
9099551628
11776082937
9649618813
604068
317710
7550984768
9820752776
658298
8787458949
9608923277
13553592590
9905119827
14171091902
14939109963
14144943422
10852425836
10234742674
549572
9820976630
653326
15082475645
569112
786654
9525543888
9949997809
14699700557
9512725720
11823147542
15811682214
12058085521
9600901186
10760239659
16068607365
12087369298
10283923653
689192
9303802558
14475402523
15084312176
12212954863
315927
421054
13515212841
14930777966
11932559033
15006299146
684904
856548
695428
9487376699
205122
104938
184207
134308
181279
210771
230083
467742
212471
16270321042
581338
396029
5624820380
494971
4565930059
9912616717
394756
674892
9317168482
396297
432646
648774
410576
498480
658100
739029
763396
742400
738850
346748
645941
743622
403723
468805
728771
834543
864317
454333
4898192906
8977047358
651358
405856
287353
760501
949362735
9028859291
9167797988
641375
303112
690739
246720
874108
9509439665
804584
8995864609
878232
9219083298
6767290868
583385
9137231188
741963
785422
12884321591
788335
750371
9481409942
582849
656922
455429
5611135552
638620
613610
244247
747588
489888
499895
747516
4513833069
447513
379510
435571
392341
366508
389203
348922
346698
384733
351082
326942
368889
376300
361879
294816
310849
335571
338496
303985
364395
335917
344266
418500
322643
342475
301233
338963
348524
421396
329908
377392
472789
359294
347126
330159
8814407004
405945
337944
454979
362882
385880
288440
299967
371930
352462
441554
323586
362964
350948
335700
374916
288170
442282
323894
344195
346966
477259
403331
364423
319698
183718
346745
343354
184224
450804
315567
401413
447398
14277191649
338589
325911
354800
349439
368926
365629
623226
367268
324130
307693
338663
310005
453187
375555
468627
310117
364961
285944
14150214870
305960
318639
300474
13685482496
15645438598
633326
13941271401
552195
150176
459668
306480
406964
322885
15042210852
3204693550
10571634353
328637
558555
395393
341663
451050
326477
287543
292500
344503
191459
296182
337563
468814
363581
776834
15581504468
5608567714
868435
12409019769
339031
195319
179477
18490609278
18490421841
18490414553
18490413439
18490396872
18490353398
18490347773
18490289890
18490336894
18490328240
18490293517
18490290610
18490285915
18490285893
18490280606
18490275598
18490275576
18490275120
18490273266
18490272703
18490270291
18490270269
18490264702
18490264681
18490263001
18490260769
18490254792
18490244915
18490243996
18490242780
18490241272
18490226822
18490219868
18490204149
18490201279
18490197458
18490195418
18490164910
18490164253
18490091729
18490077609
350098
18490073077
16244506531
18490071575
18490070857
18490068914
18490068471
18490065546
18490064459
18490059863
18490058616
18490056857
18490003550
18490003443
18489996874
18489992816
18489990535
18489989807
18489989782
18489988812
18489988674
18489983129
18489954036
18489779343
18489855114
18489854032
18489844365
18489843418
18489842892
18489842615
18489842282
18489841204
18489840690
18489828886
18489827803
18489826493
18489824622
11846388236
14860925258
18489821113
18489821088
18489819838
18489819817
18489816952
18489813516
18489813492
18489811424
18489811649
18489811173
18489811028
18489810269
18489810248
18489783396
18488755245
18489782225
18489782203
18489781835
18489777227
18489775006
18489749965
18489715291
18489715270
18489671457
18489670169
18489669624
18489667595
18489667569
18489666805
18489666784
18489652894
18489650966
18489650945
18489647590
18489647569
18489645317
18489634351
18489633884
18489633486
18489633342
18489633321
18489620504
18489618831
18489618456
18489618435
18489618204
18489618183
18489605311
18489602259
18489602062
18489602041
18489601786
18489601587
18489601566
18489600865
244774
427122
18489598838
18489598817
18489559045
18489559024
18489558509
18489557351
18489557330
18489557080
18489557059
18489551392
18489551371
18489551130
18489551108
18489550633
18489550612
18489550321
18489550300
18489549841
18489549580
18489549407
18489548440
18489537062
18489536451
18489536430
18489536111
18489536089
18489535386
18489535366
18489533197
18489533155
18489531927
18489531905
18489531333
18489531312
18489530766
18489530745
18489528986
18489528965
18489527811
18489527790
18489525672
18489525650
18489512046
18489512025
18489509580
18489509559
18489505809
18489505788
18489505510
18489505489
18489505292
18489505271
18489505188
18489505167
18489504528
18489504507
18489504227
18489504206
18489503596
18489503575
18489500830
18489500809
18489500401
18489500380
18489499701
18489499680
18489485895
18489485874
18489485442
18489485421
18489484739
18489484176
18489484155
18489483505
18489483484
18489483424
18489483403
18489465167
18489409762
18489409612
18489409518
18489408720
18489408421
18489371314
18489360776
18489360282
18489359490
18489346616
18489342807
18489342157
18489341995
18489341974
18489255199
18489289737
18489289716
18489289426
18489289405
18489288928
18489288907
18489288584
18489288563
18489288329
18489288308
18489287377
18489287356
18489286658
18489286637
18489286496
18489286475
18489275306
18489275215
18489275122
18489274996
18489274724
18489273995
18489273693
18489273110
18489271471
18489270461
18489242216
18489241634
18489241473
18489239725
18489180804
18489180112
18489177187
622857
18488790773
18488725088
18488712430
18488711979
18488711311
18488698737
18488696338
18488696198
18488671266
18488659361
170394
18488494757
18488466928
18488465267
208367
226734
158215
176396
149446
192242
178278
135022
212956
214974
117898
210682
155701
192381
180276
212082
137943
198805
219591
231606
178182
103331
184237
122009
119151
155448
147924
113897
134624
165157
162581
109262
180814
142859
134504
131240
184530
180530
136952
149152
100008
147644
183996
130394
482114
8783451287
10406457856
176238
141307
128816
213944
200047
197471
180988
231029
191120
207059
173191
172365
222618
191118
189803
189910
185433
10633797306
13550442816
11040520940
13254478574
165524
135834
166644
136761
184914
101142
187366
125628
220471
183391
167404
168276
169005
221530
119417
188593
174840
192454
112863
121957
180598
197374
182487
112565
185590
104677
112594
144562
162030
107655
181772
112403
194083
156732
164391
165116
158956
155350
166107
164819
168731
182877
235357
193895
163352
169003
171540
194530
160373
103926
129660
116031
122400
112712
148329
156151
135749
163547
214106
231093
110218
114496
188207
185211
101344
169070
126613
161189
184342
194340
164278
106796
103256
148924
147884
146705
184919
153103
473309
145744
105422
171964
105204
124337
146733
101240
117386
131621
149250
103335
173630
132259
104874
124222
189416
180842
118470
111159
151503
119595
106524
132506
160498
166119
5266968812
106623
119587
130767
105758
157395
126491
107813
112693
136128
108419
153097
112437
104641
108911
121838
116105
157679
112314
113551
111850
202747
142248
171107
122730
180755
222900
103740
195818
184654
157088
170001
206967
14887330041
113025
188294
10426761406
317025
352809
106816
113531
111033
135794
103802
149066
114082
124328
127792
112389
148925
122946
129033
111428
124355
109946
117297
115747
148484
117460
119703
176687
115873
9328176549
600473
220243
172350
215413
156351
156828
177083
157886
221731
135245
177329
187292
188145
218715
10856087106
175464
131534
133373
189432
210695
133906
165655
182110
181571
116911
100441
177154
183353
154800
150662
181391
173621
143736
173567
105794
145701
163077
105865
101675
175212
152728
6759721633
184024
179485
102775
180622
103815
203220
143734
194193
180733
181929
164371
162897
179098
235089
194700
186548
300638
177374
169503
155845
159415
134154
181900
208503
201420
11573231944
300293
115081
188010
178569
167212
134474
162056
168655
164466
214038
185673
100473
192243
303699
318063
419493216
222579
11192493731
18488127464
18488127377
18488126801
18488094368
18488093627
18488090694
18488065413
18488054042
18488053789
18488033608
18488020709
18488020468
18488018359
18488003941
18488003596
18488002990
18488002595
18487989849
18487989123
18487988146
18487984153
18487940895
18487940710
18487940285
18487939877
150934
18487925102
18487909143
18487852662
18487852813
10982149936
582142
18487775008
18487762891
18487591114
479652
781677
13234351334
9419116238
695968
393934834
12876065677
12878645289
9114520479
10249899235
14931322155
13810790533
17319652224
14898953940
15677470415
14695538031
15310915863
12641010231
13662451604
14966886752
13158286284
14079740107
16656390882
16648449607
16639943278
16661682048
16621866439
16589771767
16603084074
16616572266
16583624977
16256033624
10567441266
16574524375
16662506498
16574493302
16535839651
16538518442
16494806557
16488048012
16488481439
16483286830
16479012273
16511602295
16480996227
16473060652
16538836780
16423208287
16422864654
16374966541
16395052237
16164829941
16440686256
16244004130
16216583214
16216728219
13322538902
16193045461
16174053488
16176101089
16147750662
16005968425
748219
16010446369
16072214428
16030545216
16158039317
16009943454
15938042863
14279936103
15970092291
15962759859
16074325543
15972009190
15825646278
15301569745
15646077104
9796876193
16281360199
13599353003
15831934984
15025438428
14697492049
13923003515
14027611576
14697326454
13925836344
13914626458
13047810099
14701141942
10955304771
2209935925
14902227408
14057336991
16575879401
664574
14374914847
527217
801776
815323
9494686522
14472308659
13473591396
228560
132004
15800636799
12565614060
9114875341
691588
14730832269
12597346530
14241040779
13947196632
13721111427
15932549056
3920711201
15986697075
12812257626
12678845284
15510567580
10550887788
15514134581
4903098195
16108762877
686653
620674
13439151668
13578308887
16637554569
16638398601
16471874784
16502938609
16371051735
16340548866
16288820266
16582245917
16412983819
16288274413
16294535522
16248060296
16181236346
16166197644
16127741436
16172330736
16114916136
16353497228
16235462860
16090397230
16018749251
878269
719897
878493
15445320342
878335
16178319785
16068624601
789231
15944810144
12855429734
15940669626
15940651459
15106931111
878513
15893593706
15891460411
15878637812
15909356813
15799409008
15801692167
15737175336
15778353020
15717406135
15710809851
15866168795
15687936000
15656821830
15649136592
15608203765
15640894837
15736021247
15615549937
15611129583
15583001988
15587275318
15586976079
15568838901
15524484593
15534552480
15641705112
15552220301
15573921711
15523787965
15511937430
15590198130
15455025652
15452671191
15452520154
15442974782
15436555309
15437929392
15427034494
15423641160
15505080577
15526972004
15498299768
15411162380
15351316985
14394476419
15342912029
15376133664
15303457910
15305101066
15301678869
15298188313
15289234783
15285948185
15430518680
15261482264
15277251167
15249048799
15266880759
15266765243
15251288459
15266289437
15242380309
15221714964
15303502478
15223540324
15214329547
15211256472
15197691354
15211046240
15179319010
15179317599
15102993649
15133015011
13823147395
15102097293
15255496848
15102275155
15079763481
15076770843
15076058115
15165384977
15013300772
15037540669
14994552357
14989794756
14986635772
14987838768
14926306340
14963749766
14901143392
14890234250
14896681332
11232776334
14861013332
14795870675
14817691054
14819865914
14787960273
14790643509
14756466272
14787797949
14785090418
14764524331
14751427180
14737405856
14791995114
14999258998
14837817255
14731133306
14716161348
14694225880
15766110461
14697058257
14709198787
14701560801
14636159470
14616535535
14531564738
393185768
14556890223
14504426311
14504117898
14551394825
14506998640
14623134122
13814728032
14499998199
14557081790
14479048917
14499960066
14472399000
14496784111
857797
14433855264
14437448476
14445241169
14519545570
14458690058
14383401166
14376812630
14369248359
14328650011
14274141572
14284829776
14241158313
14298118666
14248286485
14226042713
14247652309
14284681236
14233110753
14189288056
14177012631
14157526650
14157316780
14136733833
14145007199
14109625303
14097334413
9601943060
14088833778
14114137789
14088943599
14101057495
14089898032
14047641113
14089247190
14053268408
14027530547
14052680534
14001772794
14025367165
14001353470
13969721734
13950806004
13932100193
13918817639
14298529417
13935539858
13920224952
13916496596
13206340186
12885371662
13209793106
13634982082
13254570221
13591681594
12874134572
12826145106
601234
13452097685
13455191617
13541447545
12890765834
12885063971
12887544779
12883179491
13167713469
13099290634
13085531220
13110424286
841160
10268402817
13115040144
13455002806
14208783400
12769070782
13025586258
13018336240
13363641596
12697275336
12669774281
12678788701
13259584811
12677318869
13241465332
12726096656
13209872401
13449514552
13155037316
13439083060
12673255379
12711536825
13473705925
13063801991
13428902414
13446214456
697232
13026210006
12808102727
12826876490
13319317698
12997165925
13268020024
13625880461
13429303242
13342945497
12812312821
13635438342
12762763916
13605406463
13220440038
13505786255
13349185047
13258674551
13402314662
13037471783
13574016859
13037116296
13152449356
13230468946
13143753389
12968374314
12874119605
12780598665
12881908629
13242344082
12881012637
13550478271
624783
12811013047
13154877589
13489791214
13435409265
13130097352
13493524218
13502076979
13478457156
12466743730
12408508432
12309922141
12624013573
11536341045
16392846609
11842481286
11532056141
11754499971
11867792049
12560090690
12523867967
11653790136
11932670268
12193934958
12212957275
11762634735
11953903495
12490301043
12024733459
11516877404
12484595164
11992248718
12453166084
12449544665
11546693189
155634
11944146441
170181
12582407504
13206377963
12075415220
12284966756
12624276369
12215369250
12627382926
11758981620
12218864670
11995808630
11977060304
11411578465
12335434465
12580391630
11458445747
11421479290
12307448397
16581662422
12476703563
12480195217
12479956898
12513667257
11791950315
11778829927
12118518683
12078074624
11717191836
12446627338
12060151423
12417468709
11325653211
11621238240
12294308475
11886932915
12223644428
12185417213
12187525494
11391382332
12294666102
11299361923
11887901747
12537849809
12085216041
12459730263
11798403308
11798548385
12616314477
12517570314
13113840838
12408951958
11745286026
12318383065
11680894100
10532285178
10847605714
11134798493
10468639579
10955265830
10487690467
10497019451
10497177973
10241842300
9606957640
10988749866
8919288722
8972481158
8908854716
8747125093
8901838377
8886842434
8722792477
13515400107
8976107973
8903096654
8959469293
8903248381
8919521094
8918475781
8908939313
8905092662
14445767571
8977929137
8972523152
589386
8933578045
8753360677
8964239859
8918114818
8909055661
8902601261
8960524426
7159442900
7158176593
8920249233
8729071584
7158168500
6753295075
8741560064
8721913130
8720545696
8696604648
5612915144
7435705801
8730518830
5608600228
8701368913
8719759396
7149341095
6442654405
8730507179
9517838971
8697318615
8695511919
7157527125
7157787891
14987609946
5252938656
7153035719
4907727530
3503390243
6766948983
4233454099
6250431224
3915855225
3915830763
5247665178
5266313423
5263602658
5617603632
5980174984
6764845596
5627247364
6753304989
371732
5612353298
5248119651
5255613791
5254677394
6767290431
3003511386
5618761060
9242234687
4902514272
5989914431
3398318457
4238972122
4897996516
1605406572
4227165674
2634030008
3493779048
3912652675
3495629481
4228827676
3913068083
3928715421
2059136510
4556230767
4557714297
3912005252
4208459804
2805857428
4907513974
2455332422
2809588267
2632202468
2238010959
1285995162
9139423343
2055814585
2632281218
1739144554
1462687038
2439163279
1012256001
2453682020
1743281607
2224611349
1603408482
2236652690
2056524995
2208522021
1745508431
2630478845
1003734327
2992781955
1596660969
1468966278
1468962731
1468944868
1468964233
1468957103
1468962383
1468967684
1468963953
1468956833
1468960106
1468963805
1285648780
1468963869
1468961986
1006528773
1468968880
1468963769
1468959933
1468956485
1597708494
1468963417
1468956431
1468957809
1468950961
1283166073
1468959425
1468957817
1468957457
1468960992
474770691
1468967897
433525075
456301444
433524973
412086839
433524565
780963387
484087796
448952328
403679212
446835250
448081225
447161112
787511000
14052832474
625356599
735108633
433522879
433522531
408658870
474496454
490224413
471230682
427216536
476892078
434215560
448741396
417805938
635772317
459591353
433105050
418887328
374025
397671757
462267609
476573210
433468012
429899536
428394893
447373783
456594036
10684688875
426589770
490290585
398005887
472357460
378116
456237287
452244637
414693429
415821001
416160557
386840
394455645
448061586
419492191
876640
393439907
384617
401515060
396441342
388420054
447683641
457386122
420235688
471207516
872279
395921617
866395
386967258
868760
868247
875326
377275259
866890
377176543
387104697
875470
869489
868431
877566
858950
866265
865728
867923
868963
867146
867134
856287
865214
865198
852615
850753
847498
861038
863982
849245
836880
857200
839224
851183
850204
850140
850114
847005
848767
862083
851075
862036
862816
862791
849809
840440
841147
830031
654249
841748
834973
829186
840271
834165
841030
834928
837872
837838
838730
833050
2236574904
765462
827819
840963
832291
827699
834794
831689
837492
834733
871386
838487
834670
829550
833219
834604
846599
819190
808575
815647
870554
842408
810379
842412
842377
845175
844545
813694
826419
825306
862630
819387
842119
806979
816476
870809
509385
801701
815853
812518
806828
809064
805750
817913
807569
817862
802087
805591
805567
808839
870057
814486
13099139114
803608
801940
813095
807083
780618
787346
785167
800401
669684
821010
799104
821987
791038
14531231693
790998
783808
784775
784893
8830757566
784828
787030
824802
780856
789648
780813
767020
775560
778984
872564
768709
767399
777081
782457
779293
791804
791874
766902
768912
791723
762975
751594
762752
751643
766529
774345
742383
742380
729430
845983
729784
743628
735569
742018
735698
743644
725706
735730
725646
724970
750109
722334
733060
733054
493650
725545
724731
722724
731369
726391
530555
746991
731371
735136
729904
722580
745867
723297
731747
727099
728933
750653
745573
734903
747407
734911
730947
730926
487823
749045
726888
726856
531042
747320
712931
750464
712835
708310
750269
716487
706503
709477
710327
14556927952
711745
709354
707495
745406
16389958550
707823
716252
714426
707322
709165
420056831
711524
708484
717391
712975
670962
703597
843067
670959
720485
706267
664780
846445
706128
784288
722046
719230
663826
703084
704578
797330
703953
703948
783490
703826
674263
783377
669645
712042
712020
753233
592373
669548
712326
672237
592349
670705
711911
619659
670623
670713
660104
663631
666852
663624
663635
647176
806575
667818
660930
677870
694216
686006
753346
719933
719947
737113
7159469513
700196
720065
539697
719615
539607
718711
691210
700498
539577
509835
693921
702136
691061
701926
690953
869873
721583
701864
700912
702805
878435
685499
689672
685080
694507
680313
691467
680178
694468
679665
691381
688941
689786
681524
690503
686866
8923623103
679551
680587
690563
696522
679287
679270
699263
681564
688017
695425
696409
691820
682071
13860094401
765389
696415
688336
16370321093
699535
685698
695374
682256
682793
685668
685257
690226
698645
867515
698704
14751408662
657415
657853
682240
697714
650103
667282
658771
672091
657735
672942
678220
678737
673467
668561
14805647912
700180
9162881188
700040
659861
671263
673313
661971
647271
698872
667153
698774
649047
663200
699163
698855
676957
663123
668709
667579
676772
659571
676839
643147
6754143871
15286119097
659570
644241
641288
656636
648682
644027
648580
644137
638055
644190
655994
648477
639542
648527
640411
639469
642725
641145
653081
639341
639321
651124
641488
642350
640257
641387
655892
642357
642339
642542
645856
640662
650850
642526
656333
645562
652062
620807
620786
644361
655277
644383
677229
636916
644830
652036
638259
644806
645591
645394
655491
641970
648843
645306
638695
875844
638648
625273
638207
620566
630393
624794
653867
629286
629148
626401
621532
630272
14507046292
635856
630332
623922
623952
627734
14429694206
623519
623597
623525
627459
589877
629967
623477
628855
626803
630592
605833
628333
622272
628597
612565
629447
616315
605611
634533
15277868206
615612
608008
615123
586959
583507
715435
617909
601575
580199
602973
610875
586142
609343
614335
610110
600410
608226
606752
616377
582663
604749
619030
615506
599776
633298
581531
581804
607196
588124
606471
607268
581734
615286
615361
581435
581375
661612
608793
587951
606066
576860
602574
600783
601326
579292
613979
614028
580410
585680
579254
585784
585458
635226
619263
583948
580287
635124
609970
578832
601171
577753
577696
582810
600009
585358
601082
579101
9048206875
633057
604860
578730
616845
634574
614663
576041
575965
597187
597226
615899
612794
612633
575968
598083
574989
573290
575813
599363
598351
574212
611550
599155
593954
9822318028
633733
595406
592832
597830
591216
597756
597491
13333526375
597441
586452
586316
585170
566807
570094
568456
841003
566732
561140
13154859467
558837
571474
560094
554121
562668
561013
566335
559404
568992
563978
15828664642
564173
564547
561449
549832
571361
562874
553862
823477
544465
823366
534917
547210
16656144043
545977
548863
534519
536674
550230
535432
534383
541993
543334
535939
539251
522315
524496
551749
526422
520946
523627
532306
521337
520762
8970030756
525103
515739
504870
500909
500861
507164
507359
508540
488522
489488
482757
483313
508305
12597864117
499916
483989
482669
853660
494426
506849
483156
483912
498344
492085
506820
491943
491972
487951
500467
493215
488066
489867
492437
518838
512766
545568
523139
517249
529871
521544
11960016982
517106
546995
514900
809559
9582865024
538763
524303
513818
546918
531425
524226
513723
484730
516514
484615
865878
523988
549259
527509
489375
520180
495184
531131
527500
529478
10869093616
497592
529352
503387
14070658755
512414
853298
512329
529086
528846
494713
14896807534
493917
530801
510733
3919675389
528886
502551
506207
527810
507970
488744
507845
486705
485995
527552
531909
711164
529573
13790886112
776818
769406
764766
794598
855911
769161
767891
794170
789350
778108
852274
775108
763642
795863
789303
795833
533468
10000845803
792230
784502
789158
787588
533475
762395
327220
858581
795682
774962
787445
795643
858576
786113
328842
327335
334598
324393
327328
330260
336038
330292
391883
333044
339101
336147
339142
333127
331565
392078
327111
329960
338051
10446168302
349430
352861
342190
349443
445998
351229
348188
348201
351284
354237
342258
349531
365044
348225
352923
331843
365084
446122
359604
366505
354310
397854
349612
349593
446166
354295
326265
396765
365164
396775
326308
365156
361224
359678
340920
331974
366613
331978
396792
339650
359663
366679
330536
365238
396834
366657
398042
330572
337816
365284
359811
344777
334834
337876
334857
329064
361407
359787
340522
361394
341082
347902
337908
347887
344862
344874
340566
347927
342014
337952
344909
399076
333391
333394
399073
329191
399107
346480
342037
343588
338020
336392
346542
399149
443420
347398
364332
364011
361885
364066
353329
358583
355402
367132
362901
368551
364110
368562
443491
443469
356803
355472
368556
443496
367144
364343
368744
364345
360248
361944
351383
356834
362953
360262
368802
364493
358662
368657
358649
368656
356855
348354
351471
367413
442391
443546
368851
356925
363056
364580
290754
442440
290768
360415
290783
358774
357005
358802
347055
364536
358801
351570
347045
347063
362517
363177
358247
362518
358243
364647
348499
348498
392364
348509
358280
347097
442525
357090
290910
354415
290901
347115
351655
348635
362604
395586
13230477129
392432
376314
357106
354483
454972
357136
366833
348620
454982
392482
353104
361646
361660
377404
361684
377378
354541
362711
394376
351786
351813
359908
455041
351800
368362
395721
353190
351859
354587
377460
363945
365458
377466
366980
362774
362804
455125
360057
358525
360003
365500
354652
15883475797
363977
375258
366173
348878
346426
375275
356181
356233
401814
359028
356634
367579
352530
369990
401450
359068
356242
452115
352566
452089
367647
393195
352608
366269
393174
367620
352614
401512
366321
348955
367684
352613
348991
359173
366366
357525
356348
348984
356359
477679
348992
367700
351887
349747
349758
349784
393253
401540
401574
345980
359202
365717
365728
354793
352697
352712
365713
367808
357677
367816
349055
347620
353341
349855
365782
357676
349112
350888
477872
365788
352052
357696
352070
352087
363296
349125
352121
360556
346120
353409
354966
364973
367961
353459
362114
364966
364974
364970
363371
352215
352284
360632
368002
350020
352203
352292
353564
355047
349298
350064
360663
346270
346268
369749
356454
369747
350260
363501
401611
349348
363538
375202
401680
356061
366128
352424
14001198522
11047740438
10152303326
348769
358938
375230
401731
346402
352461
356525
401350
350379
352444
376598
356123
401778
331159
357364
10331874182
160639
10559334104
378970
378991
331144
378975
397145
380185
355256
441552
10487692735
10786371498
391310
10595898460
10154318609
379008
400398
468568
387502
10841048924
10559344380
368035
322958
397228
468619
368069
387554
380317
363620
379124
373641
357788
363691
377670
11023793564
10934822814
10934822809
11167026897
413354
386218
5257291676
386236
359292
360880
386249
371449
360878
387627
359360
371461
368157
449043
380408
357899
380438
357892
10304510720
10642942757
10299780384
602812
10296635729
331417
10180817987
10234692903
368235
353705
387703
363801
331461
360988
353734
363826
14699887025
377807
449146
377867
353778
282506
353813
363913
368342
10401693977
377920
355751
10299997095
358060
386501
282538
377929
376360
371031
10612619100
10155587967
10402747382
286945
391112
321768
453593
454492
391119
322669
358185
355925
396983
286987
468384
391188
391169
10741989002
10862005991
10786220122
11183444488
10657002817
287037
468454
453676
322742
287022
6755647802
14850631188
468422
400883
376511
321877
321866
322783
355951
355986
10504206292
453696
331123
441511
400296
322809
371245
381779
381836
381821
381870
381771
381823
342490
381997
382026
342512
345575
382814
10706350025
383140
472313
10579900881
10296679855
10282411249
10508490060
379471
378306
379561
345912
10303466583
381626
436454
387945
342271
345949
342337
386760
342348
381730
279640
10568779039
269829
262131
448604
388353
271483
420814
387213
281093
270255
431247
431146
268091
296888
442587
275599
388119
456684
290656
283622
384806
372178
372183
372201
291776
388267
283624
290570
369551
372245
369578
388414
373043
374431
369052
372344
388579
369073
371853
373089
369086
373283
369030
370594
369375
474714
369513
374499
379673
375702
374459
375882
426753
375946
374623
370743
385813
383607
370963
385858
383708
385914
378785
370948
378862
378839
383673
386062
383668
462899
382620
462915
383759
382654
383740
462945
463005
464016
379914
464038
381218
381315
464041
385028
464014
474891
384992
381394
460551
379878
379860
11259583309
460698
383934
433412
407527
404054
472835
407631
472911
389237
472932
407597
472964
389252
410501
447655
452194
406377
452397
471765
406412
471793
471797
452312
471833
394857
392658
406558
472045
470611
470622
470665
395051
459888
395060
475182
395044
402107
402154
472976
404246
397455
402000
401961
409655
467440
467441
462084
401249
467527
390594
462216
450888
398823
409454
395131
396349
398884
463150
395257
467749
467783
467811
467833
278652
414812
466405
473835
410631
419105
468696
408423
466572
412663
468667
466455
466613
468771
413190
411680
467633
472777
416150
409765
427769
416346
421392
411166
412069
408036
419424
415113
419549
415250
416724
469716
469823
465510
424006
469806
408969
469894
412327
470783
413691
470869
417664
408155
417729
453277
408067
408248
408213
408219
454310
414553
431316
431431
473146
474327
427210
473263
425019
415785
474259
14695739695
473269
473311
425074
425055
440483
429168
426116
475461
419880
428248
426142
426228
419906
447010
475292
454116
439759
459204
458038
439906
432711
436506
429579
432719
429637
426351
434559
426386
426483
437680
465296
424637
459172
424602
430736
435469
435573
467950
459278
468052
437950
438913
386464
259843
271880
269973
278695
280174
271320
444592
445334
445460
284610
390380
190876
122068
104958
104875
196809
194414
221561
207227
206857
247171
162613
121630
139703
163749
216406
14744417518
186689
186749
180774
443118
153670
164167
231558
187724
165607
444292
154357
166377
155469
187587
222712
216662
209251
220873
211529
211606
253996
170699
169331
124347
184199
226432
395445
172535
126872
237741
243755
149988
16389951116
139311
152208
16392387741
138114
411916
137083
118399
171029
107167
464859
149059
101677
113599
101371
102531
107682
135476
107698
147570
115636
293567
424340
292236
297222
297267
298189
296005
281370
297311
295847
284970
296036
281611
296069
298468
297022
283704
297083
286021
291366
299417
302272
291425
288693
302335
289864
296321
288830
296344
293749
293765
290049
293894
290011
287555
302147
302174
291318
295144
313615
295181
313886
313736
319044
304972
398244
318960
14470916196
319002
300823
318996
398401
294921
300955
294872
292476
292455
307912
294956
294914
292511
292523
146906
312080
312226
312170
309303
312409
306374
303730
307760
316688
341812
322091
343150
343031
322118
340489
322299
340465
323833
322389
343206
340495
322331
117679
340512
322524
322385
343296
343374
324131
344584
226058
374913
190192
429215
190144
434540
152814
237026
241571
160215
479469
271670
411481
420871
14925692873
254108
169157
416003
227131
167160
118004
276676
10727552705
10593518054
10684512066
10324776938
10564561100
10862073544
10637962959
10580979582
10593203785
10154352086
10664279258
10253061430
10421883894
15570574057
10334723819
10497479235
657468
10412375801
10436998009
10673393778
11184001690
588102
10709941667
10855857587
10402924856
10406925527
10769641272
10676483402
10414797273
10340431291
10283926217
11266565888
691233
847605
10948416648
10322063305
11232773055
10601932104
10155698757
10271761500
10283169244
10508527584
10960623278
10532217875
10553887885
10555800723
11116705072
10555531813
10828948822
10356014084
10500987790
10861729163
10550770379
10436802764
10856078569
10853357641
10468871066
10477449934
10709590960
418557
11229090675
10443377993
10449557886
249384
10753513631
10479508368
11052114069
11113153497
10721396299
10652298447
11180684424
10328880079
10615881188
10699646134
10656848066
10824569919
10769713751
11201811092
10612872856
10604750924
10642076189
11216183233
10655733144
10593513993
10903554508
10516942032
11024444664
11057154428
10875488794
10657008442
10500649735
10267754093
10520460503
10466032924
10158847515
10580174663
10429635835
11059983892
13017257431
13326792631
10419525381
11174610972
10465733578
10324660255
10246780278
10812705155
10421765763
11275430602
10426702399
10871958728
9870260717
10454397590
10915092811
10399442101
10197412970
10426767337
9915073694
9752901847
9777177586
9957576686
9877000530
13988533535
9829057147
9838479162
9839397698
9775033235
9873768157
9839153413
9925091378
9983270372
9906986680
9759713315
9774726218
9875053779
9912652955
9876997517
9906987059
10067232299
10043458281
10025725374
9759266414
9912672942
10042378846
9862365084
10040230855
9751116228
12212895272
10018366110
9881336263
9952147076
13133085894
9912646415
9917316738
9872088713
10032440143
9957479776
9800908140
9824612357
9923319082
9865739352
10138498226
10070111754
10120552836
9835645811
10040830365
9885996713
10072764773
9543763997
9774664405
10084533611
9863844436
9998264159
9923938458
10120570935
10142132276
9825382067
10004702685
841599
9901665332
10001835451
10041758287
10105829102
9800852310
9798447324
9723364397
13230461175
9727380495
9781669069
9777312398
9741621378
9723704594
9789773559
9817525574
9745087422
9797894956
9748198654
9681851072
9620305458
9616358047
9684200726
9687989592
9681293817
13782104953
9620210867
9681951275
9614484686
12102318042
9647853475
9665177702
9713845310
9684082178
9621915497
9664874456
9687163512
9667662907
9688950632
9651219380
9673206576
9685264886
9619286307
9616674009
9621740457
9601758442
9576806469
9580231832
9573563769
9572633456
547113
9571210942
11870516612
9526002892
9605224374
9513909980
9579361454
9599514159
9571202164
9578796826
9524893016
9519985874
9513264939
9499252081
9526671083
9570613355
14288056619
9579995040
9454750532
9412097009
9427304389
9418647048
9419929633
9412903642
9426434209
9413383347
748550
9486740238
9394952235
9391216450
11059584402
9394226837
9418457456
9488740089
599502
15693862369
9350060033
9347286813
10960658830
9345260403
9324685629
9343400646
15744428842
9351160080
9340447401
9043738878
9091442733
9030369477
9214637987
9234414423
9290649026
9070907384
9091564673
9127348791
9023527344
9195015445
9139113894
9261351579
9302377346
9073809751
9251138674
9271734155
9300192060
9322551685
9291380188
9321391406
9276656927
9195978672
9288788986
9293614293
9317320128
9052871492
9179589208
13926319964
9022860339
9180233044
8992706530
9295327768
9215091262
9268265661
9310968927
9184133407
9101463484
9215174819
9219295681
9304353693
9251660453
9131054621
9295213198
9149620126
9293825071
9211086966
778375
9288324112
9043332936
9085151442
8989458725
9293425454
9212077869
9042654067
572754
9059399697
8983349214
9149866927
9131661836
9099532938
9114775820
9032992198
8945711355
8971963165
8921095764
9025052064
9071353460
8947630536
9184159464
9032658427
9097842379
8783081790
15255758927
8765029553
15699002902
8885531336
8874472085
2992901490
481628
8830410910
8874785237
8797081836
8852311027
8851739942
8838029646
8874936509
8825292723
8811219613
8871625381
8806725420
8825303594
8850075683
8830051161
14795872196
8800029731
8773618933
8872081996
8837999626
8784037387
8848267718
13779447892
8809914614
8873393645
8920510844
445864
309455
309429
304122
309554
312541
389879
304229
389849
304266
309621
309687
301375
300103
314083
314259
301587
315371
315388
299913
315643
428716
313898
303255
307146
297503
314678
304720
302014
303417
306072
305933
303565
407200
306234
337626
343941
316286
402477
308899
313355
311878
311887
389578
309035
343800
343825
323037
406122
330841
330867
345524
345466
317580
326415
317576
317726
329378
326505
329465
329454
425875
324939
330677
330666
330749
339997
340029
338411
332304
328155
338574
332227
477125
477119
332399
344173
332388
323268
335452
332488
339941
332478
477291
339865
344302
335587
332694
332716
323744
336896
341420
323770
341504
329581
329697
342778
342780
342821
341271
336710
332642
323655
323663
328543
335633
338950
335699
335735
339002
334126
337233
197578
337248
332830
334312
335909
156252
334382
328242
326958
344489
374986
375049
205220
374957
374985
375039
477553
478862
477918
481653
13851770115
13818105345
13851679455
13823737077
13784295560
13801278503
13779611798
13777341775
13772920158
13728300921
13716848730
13712866393
13685575059
13693273113
13652762665
477417
447288
432014
380869
450531
374734
157042
451769
296846
112494
18486730442
11024665503
18486651583
18486698931
18486568123
18486586705
18486404885
18486406087
18486653448
18486407985
18486653316
18486651846
18486568196
18485852663
18486620128
18486272618
18486319662
18486318678
18486277235
18486276163
18486276036
18486275853
18486217153
18486200642
18486186993
18486153879
18486104354
18486150500
157984
18486129667
18486105380
18486057450
18486056205
18486036243
18486005598
18486002390
18486000414
18485998345
18485994750
18485994712
18485994620
18485994589
18485994567
18485993690
18485986166
18485984002
18485983389
18485983344
18485983318
18485983293
18485983264
18485983237
18485983212
18485982699
18485982047
18485982022
18485979041
18485979003
18485977748
18485977723
18485977275
18485976914
18485974767
18485973405
18485972127
18485961319
18485942964
18485940759
18485937220
18485911511
18485875695
18485855241
18485854557
18485853111
18485847809
18485804160
18485804131
18485804087
18485804056
18485803109
18485794592
18485777061
18485774069
18485773686
18485747475
18485746061
18485677832
18485675897
18485667805
18485646070
18485605945
18485582407
18485366787
18485353784
18485353592
18485338220
18485300657
18485278784
18485266152
18485209583
18485209396
18485192684
18485185959
18485099090
18485069767
18485070958
18485069951
18485065802
18485065607
18485020284
18485019351
18485019220
18485019002
18485018852
18485018729
18484993010
18484991023
18484990891
18484990589
18484990478
18484978832
18484978435
18484977838
18484977515
18484976603
18484974437
18484974017
18484961968
18484930218
18484917136
18484916155
18484915697
18484874674
18484873958
18484806764
18484805531
18484804981
18484802551
18484801937
18484795639
18484742390
18484724219
18484636670
18484636407
18484635878
18484634103
18484631842
18484617995
18484603930
18484591220
18484590141
18484590046
18484589863
18484569266
18484559235
18484559103
18484545775
18484521654
18484518576
18484506057
18484505954
18484505876
18484505623
18484489962
18484489890
18484489553
18484416806
18484415118
18484398613
18484377793
18484376280
18484265379
18484257828
18484255169
18484205374
18484202555
18483848172
18483834339
18483415638
18483395006
18483133423
18482968069
18482398555
18482224216
18482231337
18482222081
18482221906
18482221880
18482217587
18482217562
18482207293
18482217543
18482207225
18482205549
18482205121
18482204328
18495368429
12668102771
18482201759
120423
18495364171
18487978290
18487977763
TEMPORARY_EXTID_158323
TEMPORARY_EXTID_158318
323672
324743
310277
335052
316203
330099
342193
312120
386459
345179
369703
331592
115132
475006
347938
305446
530731
323889
336770
387924
305993
321021
253636
390054
339418
283693
467322
343060
468595
399521
177394
330364
337195
368439
360330
711534
307838
334910
300985
100168
349441
336027
344689
356561
375363
337051
1468954131
305244
339003
344826
328945
353952
355135
318915
372576
472258
359570
351427
289871
373529
352254
394744
377438
661185
372413
354599
310272
361115
337119
341928
420155
311963
305225
399458
323571
363345
391874
265416
312176
353382
340397
317835
411941
340916
283813
472008
407700
345825
294904
341080
371625
342758
301080
447322
296325
359694
345582
351475
376219
728238
428856
152760
461739
347418
387391
393650
322738
333140
504075
397104
343376
369011
373105
373589
322020
364678
305320
365942
483603
366649
321346
698771
373367
339164
335999
334782
469777
374953
371414
367481
196738
346015
360941
362441
316290
371844
329494
364269
400604
291211
402493
315386
431542
391097
453206
341655
339220
339069
360851
732913
382842
303490
372678
337901
377284
383618
313701
368366
291350
366596
351044
665126
353415
379123
342526
366586
363385
332972
437948
350054
318159
361174
324116
357685
368080
477177
299484
406010
304674
326239
289961
589781
208196
320205
323908
534053
334546
323961
398289
492595
285522
310574
323186
171770
344645
308478
319361
391357
314222
328926
414889
317846
190611
508170
448395
394905
346949
428729
339605
350327
1468948680
310527
345862
329970
457021
485867
130437
462102
330346
453292
413285
355043
340734
477680
345169
358952
319258
286916
750067
346434
333799
319121
366522
320696
333769
325698
433606
332030
294818
469644
368751
815831
350658
392496
506923
370567
356985
328014
830832
292739
353050
408055
288184
497851
407287
346096
467613
314248
9371570355
393300
328584
9195060718
372369
725029
388423
337003
334219
421003
316864
442251
9295259269
111045
9076493367
440616
747163
637356
533950
297082
353685
460600
296439
357911
345765
429647
387773
283919
369358
480527
332148
370164
337833
466584
383616
343011
345472
425079
473294
326662
334604
322350
357532
371637
409421
251555
332783
198880
349621
418793
9858796941
357592
8945457171
426571
437422
301608
325235
291320
359812
368847
327253
326835
363441
426512
358435
14619374233
303744
143748
331658
542858
396751
459800
680264
409762
376161
375703
331751
353200
474766
475615
332534
341648
346279
337894
352354
381637
318914
723403
329968
729518
296243
438004
393582
268567
377407
379169
339310
303290
8965453034
381255
358803
473870
417562
442425
369939
498733
288127
474927
507881
209919
306975
539939754
448057845
460852
498460
204794
387415
321438
123723
765208
310363
502076
338917
336219
344684
358111
329298
148408
304564
328267
539831
332163
389729
577640
330703
499524
439097
291072
390868
504999
338481
318568
140450
438354
364019
502944
489851
311347
305145
330648
814737
453673
308363
359364
476942
373738
396075
293911
326025
390923
355433
413057
364294
363294
325934
374997
365564
377630
487939
313307
366996
340245
745868
334376
455308
343089
365964
395052
450855
499057
1468953007
361691
381593
425902
310219
369257
323198
363694
391152
365120
377756
348705
426017
360885
452142
171264
399245
397289
341546
364173
400446
322222
310301
322367
324465
367731
217552
376198
130921
334055
276164
291458
346788
289521
463154
415219
368779
795405
340643
373328
458751
109186
443403
358214
362878
391875
289227
750137
347911
349490
348699
304861
329440
395892
308880
467360
399136
453319
340126
310259
341368
366255
344732
656623
301104
340716
336997
387479
268578
469822
323902
490539
307011
314246
424124
326497
294668
387647
438724155
323345
393571
318060
532437
323942
354370
343105
376378
470983
328034
314015
9782465014
314241
403334
359391
309127
351669
511720
871499
512270
211936
533765
289522
321677
314166
465277
370720
322517
325499
429180
544996
174575
299440
474241
325609
350234
314716
394676
370838
482267
709575
394640
322419
121863
145222
325343
432613
335129
335628
300657
344494
300832
303336
303080
364962
314517
597466
366373
385853
291442
398163
287689
343510
289437
359337
382850
329605
300905
3197646010
313763
350871
405615
323253
323719
398254
353921
657172
310172
300341
376200
402653
136726
348092
716346
413548
332298
345866
373610
292699
102778
408908
301741
461255
303218
330632
474961
365249
355429
353305
323566
528341
324411
575825
351457
313658
1468945829
714480
331280
330757
302075
662022
300858
375682
300876
301486
438036
316817
319541
323047
10777885396
327942
590151
316318
407480
346017
332427
366990
643061
393526
354519
357893
386496
398942
325022
779038
352270
474745
359758
707744
475003778
393044
326847
281917
413501
341202
313404
328807
310499
287150
319249
366829
313167
398742
401564
390722
376187
475132
347465
325332
343974
316012
431616
308992
318627
316633
347651
364213
319519
324494
319772
364754
314523
105733
547189
351304
472235
394828
301414
356703
134694
491062051
364665
154736
426026
387700
356817
838536
295988
433037565
402018
392461
384821
328276
340970
324868
327350
398806
406915
327717
508660
357249
302287
598052
720164
311343
381574
314031
307010
170996
429142
435619
117482
311783
433523785
338261
413444
443577
462278
477269
302304
452211
375191
593831
440521
367084
455365
367155
364906
440641
335924
281526
13307402542
318895
341115
366297
324759
296155
302453
301549
302952
340890
139222
387384
354388
347019
455008
331635
243291
366036
312685
316340
363674
332689
389894
198580
354708
355626
286142
313632
431447
319999
329313
363269
383535
259403
318813
819592
623050
379144
320514
379426
368731
467987231
390965
462918
366688
466419
301729
186821
373031
451873
430553
353093
477145
290105
299541
346003
387743
380240
301786
282662
337812
312454
337741
399324
365876
496133
379007
395873
327650
432705
393393
308643
332334
361943
406998
282535
364117
398915
315352
474981
356113
346106
315558
332649
358921
300609
154053
349909
319976
312133
839491
404826
327199
261493
301597
362843
472503
340576
403754
322184
319093
8946963706
324279
393310
291107
751270
472771
317129
100345
479438
328856
331732
10197145337
437061
679876
337114
364323
319112
335870
307020
8910318541
327245
350593
300078
402615
328114
123889
366490
317126
310361
341455
300888
368718
348454
306268
822364
164776
309888
344847
317860
352481
400435
329314
160626
323901
304159
365780
462961295
365986
361545
358787
325376
343790
373853
338806
407548
352349
8908359781
401565
417625
503846
404713
371946
380222
537728
368546
324231
297304
474188
552457
373185
407094809
395366
399478
391177
376119
231186
377544
339825
346296
8808040790
348317
550007
344692
288491
353963
461029
811589
324652
306478
746230
381229
372573
671366
412152
300024
731145
637039
539281
400566
321755
492079
785714
291261
825700
316369
401137
359895
363137
302027
291068
286835
358919
364170
396527
347053
468724
169535
369528
372480
350164
551540
477818
348346
330420
327852
300381
360608
470721
315774
401135
455396
307493
373758
317831
408106
118903
284976
127303
392514
403238
447391
154009
334034
381701
596300
403123
15553193869
448962
1468954198
350056
111254
649013
138391
338868
303360
446201
512535
347113
406478
163637
1468968133
304157
355367
338208
308813
132491
389040
380286
355479
9370613510
326917
358162
453709
9568330681
382778
373997
316299
375065
356979
303736
301563
362039
443366
382820
385963
375455
303605
599942
398783
300533
357890
327928
318016
304312
392492
335495
635127
310161
409528
730310
334364
356873
300554
377704
538995
299397
290125
463316
369553
400241
301707
358256
119713
419998
362931
825113
324972
406501
362310
164744
9813639989
314759
335312
302193
326167
284451
341961
377185
326448
357878
334500
426380
348916
459188
299485
454551
387371
301327
849576
288333
356050
801948
299546
348646
315546
257699
294814
311213
304317
426110
453274
344563
213978
320746
348115
419439
319089
331735
372599
443395
443646
386398
321359
376178
428773
365888
333428
363282
766089
413175
818077
495241
322139
325955
334247
532285
386240
454397
361363
694322
473280
469645
342527
337068
364765
415231093
115223
318618
14251868316
301814
139782
309633
691638
147284
325549
517820
373369
338864
549800
615770
302298
353763
731404
455282
401449
301633
356385
15038649751
304328
400207
363283
371178
338409
378356
378800
337302
365387
368950
432765069
473203
470586
361810
347510
401492
334698
253977
310906
536489
462978
401913
397142
431327
326935
428724
327638
328142
346820
350486
370329
359158
108186
126906
406753
817768
361521
132227
403299
100285
453240
412185
724102
356584
361923
320527
455123
687973
288235
346310
341530
381835
10283006113
316144
352193
360162
329339
324166
364321
305669
314062
574969
394812
361143
715619
291184
324235
470867
383660
362965
300126
498836
157992
325693
329163
354449
358559
387459
477687
338820
414793
447700
399449
375790
352268
432764725
320316
346970
333185
443580
294913
322519
289817
303815
265085
303579
354991
317164
359600
337560
346182
548429
461091
384022
424303
253130
1468945761
310800
363395
322058
538316
617047
166653
301509
379368
402668
449047
267294
395076
374519
394689
811969
313527
360709
8919229042
379153
293677
392354
333070
463964
335655
310185
184693
138902
144376
361163
473237066
552667
353245
353965
460881
318033
341929
361700
356455
335283
337574
296834
8725206626
401115
316422
331845
290966
310463
385078
350820
407426
321739
287575
300399
302373
312955
345484
305653
355121
333138
348648
350030
336047
387766
282011
364975
339001
533331
331184
338803
523907
320029
356783
403716
672799
421115
281373
365842
337826
379223
322727
346061
328025
693952
498715
380021
387263
398295
350089
302518
287517
309579
189221
328859
292526
393194
385953
330044
150507
393266
360142
320935
369956
603273
737422
381879
325242
371101
297326
307844
389560
641191
545633
414821845
380478
382892
312565
676606
357989
289769
373813
345236
350743
333152
282534
542989
1468966480
333669
337090
378335
776334
470564
616475
477055
602180
466532
325517
594212
175982
547564
725019125778
606989
18495189102
18495184526
18495184205
18495184116
148512
128988
156867
103091
102597
102286
107653
121820
192630
104358
10482383079
11853073288
204755
148588
189860
154066
184557
192843
159253
174491
154691
153511
165454
184517
114240
170127
179845
182817
195523
154107
16030769249
212120
151712
105629
107734
178973
229876
115016
149861
100493
118875
102229
168742
180664
109662
153124
154091
161530
150238
183665
159394
146819
154470
170336
170431
180128
173678
191363
179951
172284
172362
101541
180132
174676
106031
110298
152821
154708
182809
165651
127770
233939
113648
195102
130239
128889
104131
109029
184515
144871
134260
177623
170095
145911
136843
182366
183131
232306
166958
151556
181086
184593
146350
123894
132862
159520
166749
138143
105615
154985
148784
199334
134599
103180
180832
129667
138806
136056
140331
203689
184157
167044
199655
177579
146389
183977
181897
174785
176082
233795
108859
178380
178239
184424
168221
186099
170911
197814
182229
221865
197537
202950
201114
130293
185685
129804
196706
187029
125817
171900
200527
174538
230457
148586
232018
114060
184085
211707
155895
177792
166126
187625
202978
140130
176019
170432
171038
144270
117627
134490
182071
170411
123101
166340
166755
132402
146465
223155
123710
139033
103548
217796
120559
186076
144384
154763
132232
144826
178323
133417
140479
110053
203417
190673
171572
154662
202542
159230
224146
103552
155136
178017
113783
211952
165269
170396
176821
234123
123677
104512
125614
156239
183156
149630
163041
181400
157675
102683
103806
153311
201574
183315
134360
153574
185139
148195
121755
169969
185011
121789
164334
216380
116044
177098
103765
232891
126632
124229
182399
169161
168310
213841
179292
178750
103144
173008
167571
158081
116090
144412
136917
179948
198593
204986
220139
217388
166345
227133
140775
151441
134759
113717
142741
149422
164401
129252
164589
100150
100097
101166
192679
146934
106907
190294
116762
160269
178772
176080
190054
110031
114404
177459
230959
206293
213879
156155
170338
151716
179195
203951
112563
161873
165756
183781
221922
108500
162062
119623
135717
201086
173682
203209
125982
209769
202795
122986
188580
189035
177876
162802
150460
155347
181596
158061
136204
171978
162977
187037
230977
104351
214397
121417
160307
181546
170835
166808
134826
177422
125071
122019
194498
170376
145504
213443
170135
234694
136841
223395
130933
177369
18495089965
169598
132691
149380
181792
168106
114057
117242
166521
135728
102992
125768
141084
161168
182613
120982
126414
105745
106652
108157
109295
198362
136103
209128
192021
138563
178693
205124
155893
205532
218169
199582
173368
205082
115662
112681
135821
127755
152984
185185
147858
195276
183044
165335
150868
156446
232307
174972
203674
172571
156179
102496
159559
176318
106660
151719
174031
151358
173051
231730
113677
212130
199250
185715
199946
177748
177793
117757
194155
153158
124647
185449
159465
205635
185705
181266
219849
151738
152023
134598
206911
160526
121541
235287
190265
163618
169872
114968
190266
182172
129744
159612
193779
189668
135431
148034
149330
157813
153135
189148
104910
168417
10850368290
10157577240
10282588621
526465
10250881133
233459
515831
10471255537
10163571992
10523582738
10157263396
11041961560
10164895564
10268077791
10341322330
10490340707
10774154875
10303413580
10463674302
10477328567
10424085530
10463676793
10157309316
10163526862
10225122514
10590050013
10348171410
10842288658
10253160973
10231114877
10156694382
10153387801
103195
10319418401
213880
10400357668
10256516260
10402814548
10281925317
10325446436
547108
10407952600
740722
550238
10824437943
10497498540
536520
10207901588
544449
823484
544503
542947
540621
534537
572450
495701
550015
538047
535350
492568
549756
778019
542169
538834
505994
488182
794236
797233
392054
512760
336040
488642
339482
784413
336090
313895
763587
327402
400671
794847
339288
300179
333271
331698
331606
331814
775087
320691
10332436739
306927
316232
308928
311882
317013
405062
310314
426055
400472
345377
1468958067
476192244
325117
313398
1468956357
1468965149
492985967
1468961745
473147336
414851689
473150533
1468966488
463271862
14659646952
1468956054
494162
540377972
413078841
412889827
419507189
485151244
461331725
625417838
477337068
420021229
472283891
463596771
417844288
464929
446834903
322108
456575743
469284208
582971141
439011968
115214
10201760873
115165
474129731
232065
306941
10436982054
9957202283
10002788340
9888890807
9786635282
405060
9913018074
10402802538
10001837024
10069661222
9887728134
10293040296
9774903721
9925029140
9828381721
9797082759
10087564194
10002086891
9876985665
9909590409
10957531769
10000844292
9975093932
10078501546
10035359560
9967948278
9814482224
10064725121
10087788499
9780546572
9960184742
9991919071
9921022346
9869184595
10062149510
10042265243
9750333777
9758537271
10076469478
10073202636
10068871832
10109509629
10150455630
9866114863
9983671878
9800790241
9912643798
9835756347
9751122489
9909474318
10058033935
10045743523
10004706330
10103191180
14629326260
339586
342207
335198
366552
330398
361986
327807
446126
337743
356384
477692
359152
347529
360455
350546
367850
332313
350057
350550
333774
353403
334244
335329
333957
375080
352378
349838
323562
341579
338953
336972
328485
336800
338754
336903
337203
477531
341710
374995
340234
344455
152766
335880
382467
477460
471467
481332
453973
464993
327435
171965
184647
384231079
384235944
9569784142
15452325862
351310
448998269
15536970122
363556
401639
395585838
352413
868852
429182109
876064
365748
874530
438151353
377377286
15808839639
868643
438971389
876499
865868
867304
377237764
395863943
868960
377258718
868113
857883
877489
377080971
877582
875618
868531
865848
866138
856463
9583301203
9585125109
9606501244
874729
851750
874363
867532
874630
9562430997
852746
9508411377
172113
9578725387
187471
120875
234512
109577
103489
168976
210324
254943
135868
204838
9827879727
118885
424263
373287
10029339424
10029513605
9784027714
9748472298
9868838295
9724704740
9745359701
9820753601
10046809416
9619133825
9725968067
9726854357
9727419424
9726920860
9716326530
9713385375
9669914175
9721112659
9744933211
9689193254
9687650778
9717823734
9636652471
9722452112
9610163057
9674159081
9684370510
9671111633
9687810467
9670037595
9650148564
9620214126
9644641651
9650496435
9613056728
9524946397
9527557897
9583995331
9520208595
9524975643
9564858648
9564876688
9571356800
9605402921
9525694561
674845
674628
9603052660
681236
641718
642987
639763
669754
9578857222
9583031164
690172
674941
659445
674853
636689
640685
641122
654781
631440
647922
641038
639091
620797
637206
639034
601643
640402
629406
640457
647373
622604
623069
648720
577399
600965
610365
601369
610393
578619
608820
606117
9584112616
10399232805
353630
401764
397164
350390
441567
356530
441568
360766
348785
363578
11160294265
441670
10490341656
376683
368065
322920
371275
306699
380374
380390
359408
10167115601
360928
371456
428792317
419146504
424762561
458851328
459212716
388759
462560433
448806038
420540075
384052628
377818997
395574866
486961403
403735523
418558823
468009694
408545265
428356976
447386309
470851624
420502610
384148464
416065103
432758973
438246727
9604635713
408553106
9393919673
393308674
9438057705
9418122864
512132
352979
862262
857232
396697
841884
344832
834291
854929
351021
863125
833291
848320
856574
835169
852078
841324
871387
814914
840993
829823
836530
838971
832975
833372
831156
827525
826125
870966
834618
817275
846866
844012
826914
827999
824862
845639
842580
9317855022
707486
704790
816919
777773
820759
9162664301
843960
9438523752
9101470790
9426513711
9438661861
9391792371
9485954689
9438045367
9423366416
9439893564
9480920229
9223302650
9371163998
9467993540
9412660645
9393439566
9485061196
9426344374
9416787745
9411456783
9240673219
9224322913
9229416849
9188799468
9371194537
9245552565
9265317817
9031460599
585381
9317246836
9303079703
615833
9319941438
9187258718
9315415453
9212520988
608484
607697
599207
598503
574383
9264567037
593994
616870
616676
614698
498879
583192
483026
616777
514152
597814
599129
531268
13507463268
343490
364775
299398
344898
365761
298376
293847
350544
297067
289430
331872
292324
343546
347599
319210
296335
298329
350570
291401
284887
287414
424365
296190
291312
291169
287458
319092
292614
296338
300608
306557
312211
319216
319289
304989
288499
319207
319255
288528
319322
398190
393515
850672
310631
312053
312074
383796971
312130
9032970590
850530
9158347725
864044
9196439006
9319030551
9092875811
9321515585
9247740826
9072476400
9319439439
9320659112
9205175392
9271788650
9217898900
9077310871
9270650982
9055225381
15973408945
9322422981
9301918441
8909447776
9191972498
9139132593
8964140579
9104035696
9025034601
9032887257
9213349106
477854
354875
9148199842
353642
9021665036
9021671578
8984715069
8970794850
350967
8918521929
8920899075
389449
356062
367925
352083
378961
412379
413585
460298
439513
423002
433718
474424
423818
9100854601
376616
9068459251
411429
463445
9252085269
471254
432050
478065
272111
289336
9237894804
447013
657246
8863194913
252114
113332
8871965961
592310
454628
510154
111940
411688
8848250738
362713
359821
222224
9439226991
9798554844
9651345766
9687835553
243075
9427428286
8877985805
9687853891
9452856274
9665137234
9229572982
9755598471
9388638512
9412954872
9382023832
9381819918
9486873060
8719591221
9426777761
9149568024
9344847977
9315412994
9212580490
9427422336
9331585940
9271467011
9074126782
9215320639
9032932505
9316457995
8984823669
411218
9292068258
473372
317883
420946
458191
344383
466022
325788
436926
433753
193792
190274
322526
10283548261
478831
142685
341896
10586224454
263897
10952165634
11198042427
343162
344650
233114
9957378489
10261145797
720364
141177
10142488442
9782521810
10048130712
674413
712434
670963
661364
784378
9727075042
664529
9864087603
480820
9921904078
818993
674468
619733
10096201009
9913419152
9753149179
9840507904
9245674190
9182385141
669311
9138391433
510116
537395
9100860558
537263
693881
702090
873743
699327
690266
693420
547896
693163
676471
873706
690425
690578
697404
699964
696192
696230
645926
656721
676974
669713
681296
639337
639742
636609
643111
644073
640820
639417
9195455485
8982955891
8815803987
650914
8773688540
640665
640751
8919976573
8861712837
8783038849
8753705559
8873819789
8871337928
8861954800
640825
9194170797
8874780850
8872527886
8879672827
8871052079
8827747202
8854151902
8855379025
8839368871
8828309056
8884219316
8914359009
8855804792
8871069042
386879
8789648539
8825301808
8799652717
8885580072
8803910939
8805480163
8803236319
8802093163
8815588675
8876289423
8875757643
8874757053
8863424563
8776350383
8768274433
8765294970
109623
8825288355
8765023919
8802244640
285145
8959872230
290688
290241
103038
8871611175
276535
250324
230971
219978
378538
416524
103030
445586
440852
290198
399983
198070
9251564013
194694
9237736879
207598
9317309581
106707
213085
271962
278330
399894
9114601979
458614
461982
283524
249215
423575
467953
173566
458554
108271
441608
228113
433796
315295
169676
318074
321512
394784
319549
330344
319600
799549
329192
551814
529637
377679
549784
347727
447318
487818
362012
351038
334926
398999
398019
344905
397916
386210
361535
357711
347682
357720
352589
399083
9073553543
303345
9316560926
287118
9270612825
342598
9166533251
9078614854
648945
9102385089
655627
677282
616911
631965
9167041000
656829
608309
631073
9192591232
579919
634963
645717
644652
576048
612644
596115
592944
827142
620541
584861
5624656377
8848588206
588800
630080
648737
4904577977
633489
601549
593368
575464
570985
634795
588059
533828
564778
536603
582418
617000
591243
634893
570943
599092
572942
561015
549842
540165
567108
171407
10702779674
103636
259803
274517
279704
264539
273777
249740
388500
411326
373114
418637
369020
416755
377079
238546
371157
281166
400336
297718
287079
296737
391258
154729
376581
155230
371265
281743
342437
130163
381857
315205
376957
403741
381846
321415
10721361461
395784
382869
394715
382886
321444
378151
318149
419676
10399223578
276352
11201728205
274205
373756
357829
377752
357865
355174
373865
321679
453564
377781
386415
376495
363757
321699
380494
454380
10247255250
10306357326
363923
376335
397079
376529
321774
286931
193364
380495
397030
325670
536920
321778
377891
378042
10661864972
357966
344686
231110
240895
310732
325819
550273
548806
136032
538004
244731
532894
533677
536875
533074
533122
549695
153120
8951729012
445928
525221
249113
522443
280408
500957
352108
464875
320457
435123
274109
315079
474957624
315071
787880982
319423
540414839
312721
810230
315086
309734
806890
309731
803137
315556
303208
812546
316882
804640
317034
856885
428689
802090
308476
802067
405779
824493
314797
791090
304615
775667
306018
757657
303495
768535
371675
767298
10162030538
782143
371708
796303
260085
759653
268030
765216
298666
769624
373052
751328
370454
768031
369212
762964
474715
760416
760142
431806
729531
397583
739103
422005
743583
237045
727632
274309
729739
427304
724851
277855
309743
301126
469425
301149
154360
305340
212503
301217
198871
302733
415143
301287
1468967457
304108
1468954944
309418
1000497797
304249
1468966970
311057
1468957549
311095
1537765524
314085
1596355868
314102
469228832
321106
468731208
407086
303415
407295
320263
404517
447112216
708731
429609
467984314
471170492
277443
304742
783241
876955
395553262
276464
436580
265703
298844
875620
874285
874905
860221
878125
877710
868065
868120
872092
875528
858921
859958
849161
865786
874411
847928
864404
862017
850887
870275
858781
856644
858586
12885577689
14387634519
15919677994
174954
131640
830168
176428
131518
840911
840799
318762
122431
405706
381270
300331
381294
396192
316195
375905
403155
378697
337590
378678
370907
380069
391710
464147
463069
395175
402162
452286
405634
381711
406821
382515
10699463310
396338
462200
378277
449651
388559
370291
400989
402294
450789
431638
426265
387335
273599
474765
728769
457374
427939
278431
427460
373256
369172
378796
723995
730035
436088
378752
788893
174910
710426
457028
701129
703260
662650
811510
721922
707261
661134
784333
674403
671095
507570
677575
503184
545831
670596
672362
397851
499139
513910
520137
521700
546831
352607
507937
776547
319886
404624
487295
302983
405057
320846
318422
307224
308385
400540
400449
343469
315428
308305
406935
305624
309798
313057
303049
130205
315872
329568
471200946
314890
456685181
401176706
444529497
474936348
303499
406537617
462232885
428414783
484056416
448295609
440109327
123314
444507345
409061338
419514993
444477239
402515
449300939
459506107
785229824
420280483
388566404
376878
478722
420005986
387348129
424852923
388832506
382122512
387348920
439595089
462537543
444554817
406542406
385328055
396797145
388861700
417386462
415280
411087
343771
457416886
482443
311915
311918
478151
323365
384998956
342712
291604
445059
405229
405275
471856
287691
474935
405545
401022
460696
394974
402174
382492
464198
384374
409699
296486
459616
459924
406353
398632
405543
136648
406735
219042
129075
460717
401083
141111
141326
216567
226909
130599
139786
151768
132252
133328
437350
139850
121814
124230
343865
199360
316315
307515
111511
308629
316398
308683
313421
323540
405995
308997
326722
325112
324903
290457
456712
317743
317768
326458
324782
324922
273820
283603
285397
445459
455510
290504
434208
297935
440155
384191
411903
403026
433551
423361
370981
471189
417363
416876
427782267
461540
243277
397601
408474
433865
419693
137147
440978
432764
473520
194769
398749
410706
450767
409609
398880
395340
395137
332655
423631
332573
418049
338939
413311
472151
408131
423936
472146
132316
411435
417605
222055
154100
224150
190860
417577
474233
453361
127118
261797
193533
141042
135973
201326
335242
215721
333980
173341
213176
250784
140003
332471
344276
328060
177089
323635
329546
481492
323411
116744
328407
372400
334435
481569
341751
471316
339038
481969
464850
338992
481716
337361
864619
876734
851227
835941
865631
861040
835361
857548
830053
831321
830938
8696146127
848332
828480
841829
187460
829325
841698
834397
155505
344184
374924
170002
338266
333994
323781
333798
323220
840943
476890
482521
467163
460398
480634
344183
471722
805179
843344
481681
808465
824545
783667
500471
816699
842872
499919
492485
338831
795841
817374
814916
828266
440448
440435
810643
436442
417967
463461
257465
256599
425037
429534
426500
425098
426200
435610
467973
471088
273405
279759
287738
264280
452813
456911
294006
441994
423210
277199
678058
292935
317263
449933
282864
284318
456721
380930
447946
381027
443801
370988
419058
433491
415297
392612
397444
385223
404098
445908
766048
160500
789040
333183
334733
178483
12762894218
333461
13319315457
342149
336135
12926204757
339205
340784
597473
334749
418293
12884430270
336507
392621
13568045305
12781839333
122567
329865
373402
154700
429240
279358
222079
418248
123059
427505
13372508155
267485
265565
471260
409916
150240
212868
481560
123181
129853
13570983552
211472
148920
462592
138025
153401
137487
418889
150244
140504
148915
146421
324482
228904
462521281
403261661
403740206
625345855
170490
469206368
468933150
433521805
787958501
487521506
471509772
199321
477673196
414777194
408502216
417848373
461349566
799681
625348186
408367982
814413
407727240
784113
412849197
487008498
870940
420031807
816257
710940
717173
816181
816139
870102
748387
783141
707976
750210
778524
820718
714030
708226
788513
814251
711689
712497
708085
745419
145603
713066
703543
672853
477657987
670916
348139
670943
720432
722016
713459
446018
673917
702180
346683
1283593631
327440
326349
397792
396660
366706
446107
327734
344888
339769
337844
339841
365236
341123
353976
446048
337803
351010
341114
341976
342075
12933420812
12954040080
12913444134
363017
13057706664
13323685555
341135
12929802687
365642
347367
329189
346817
12916523666
13446415692
13013495159
154013
670995
13158648484
12937004411
11605676467
11997110819
12060367614
11784465432
634077
11842039297
13069033215
12513879748
12507510102
12062220671
11756182667
12321979605
11853362662
12392160251
11862330785
12061083988
12600506454
11452166915
241260
179124
203676
217269
12347648122
126292
208032
210295
154566
480807
200238
444206
103830
170523
288293
783300
701364
164978
294769
248785
778302
701165
753310
251680
13113743792
667937
12910487065
702950
528527
510144
548159
718655
687033
646975
680195
680295
669281
683548
693703
688436
699437
697875
691267
869754
681650
699309
688318
646481
