27007826
27008003
27008008
27016215
27061403
27062911
27068787
27068822
27068824
27006376
27007048
27007051
27016334
27016359
27016366
27016379
27016809
26951887
26954067
26954982
26956014
26984252
26978571
26984954
26984408
26990446
26990909
27033715
27005635
27005654
27005740
27005776
27005786
27007187
27035104
27035453
27033719
27033727
27005943
27005282
27038148
27016122
27038226
27038760
27050590
27050903
27050966
27051026
27051046
27053610
27053991
27054653
27054656
27054680
27053730
27055023
27055177
27055198
27060706
27060712
27060784
27061213
27007959
27066972
27066977
27066979
27067717
27003963
27004128
27004360
27004510
27004519
27005242
27005249
27005286
27007845
27007907
27008016
27003673
27003675
27003728
27004022
27004361
27004716
27004760
27005535
27008102
27010472
27010478
27009895
27010003
27010396
27010621
27015929
27015930
27015936
27015933
26989167
26989468
26989775
26990004
26990323
26954681
27003351
27004099
27004773
27005231
27003843
27004043
27004565
27004674
27004694
27005013
27005477
27005490
27005508
27005554
26990598
26990713
26953672
26954172
26954116
26954239
27031879
27031913
27031927
27032541
27032663
26955261
26954614
26954682
26955393
26955408
26955334
26955355
26955353
26955518
26955683
26955702
26955644
26955832
26955777
26955865
26985340
26985206
26985461
26985699
27032653
27033314
27009161
27010558
27009768
27033330
27031942
27038678
27035700
27037224
27037350
27037593
27055225
27008707
27008739
27008758
27009745
27047666
27050581
26989947
26989731
26989798
26989987
26990475
26990912
26996635
26990279
26994553
27002327
26988726
27005724
27005937
27006563
27006587
27006604
27006654
27006686
27006671
27006725
27006920
27006936
27007129
27007153
27007174
27033653
27007835
27008049
27008137
27008213
27033323
27053735
27053754
27053774
27054602
27009414
27055005
27055002
27060684
27060728
27004198
27068519
27053574
27053695
27016944
27053899
27054701
27054709
27054958
27054973
27055294
27060850
27060880
27060894
27061050
27061052
27002617
27002703
27002770
27055050
27055059
27055074
27061338
27062447
27003388
27002997
27003303
27003559
27004305
27004660
27004794
27005122
27005212
27005226
27005422
27005435
27053894
27053904
27033652
27055222
27055263
27055303
27003601
27004779
27004855
27007854
27007941
27003787
27004849
27005191
27005228
27005283
27005525
26951920
26952353
26953189
26953103
26953134
27032420
27002570
27003814
27003880
27004002
27004005
27004015
27004047
27004374
27004453
27007900
27016974
27016985
27017453
26955822
26955984
26956001
26956022
26956587
26964408
26978604
26972267
26984297
26984411
26984501
26984655
26984891
26985026
26985039
27007783
27033758
27034062
27006439
27033240
27033680
27010819
27038237
27038268
27038703
27039026
27039039
27035486
27035490
