7555640
7555688
7555752
7555755
7554288
7553670
7555976
7556007
7554500
7556117
7556214
7554569
7554651
7553794
7557364
7557373
7562972
7563127
7563188
7563217
7557051
7557110
7557315
7557303
7557509
7558420
7562024
7562036
7557249
7557252
7557258
7557247
7557278
7557294
7561975
7562015
7554706
7554723
7554738
7553843
7553862
7554964
7554989
7555043
7555261
7555266
7555361
7557450
7557156
7557203
7558441
7558512
7558558
7558658
7558656
7557141
7557397
7557630
7557897
7557951
7558302
7563069
7563090
7562508
7562872
7562976
7557480
7561029
7557484
7557561
7557621
7557636
7557667
7557678
7562378
7562397
7562504
7562501
7558657
7558645
7558717
7556564
7556591
7556617
7558520
7559435
7558718
7558709
7558700
7558719
7558843
7558866
7558868
7562055
7562097
7561851
7562384
7561027
7561482
7557589
7557682
7557218
7557494
7562153
7562146
7557691
7557735
7557816
7557820
7557919
7561501
7561532
7561560
7561579
7561590
7561595
7561716
7561759
7556595
7556819
7556909
7556930
7556960
7556967
7557346
7557396
7557491
7560458
7560518
7560551
7560515
7560595
7554104
7557327
7557379
7557984
7558137
7558810
7558966
7562556
7557584
7557653
7557911
7558625
7558712
7560662
7558146
7558190
7562467
7562993
7563064
7563167
7563191
7563210
7563212
7563222
7563243
7563276
7563036
7558341
7558367
7558435
7558525
7559251
7559269
7560600
7557967
7557980
7558058
7558144
7559000
7558982
7558969
7559001
7559048
7559198
7559304
7559405
7560747
7555446
7555543
7555562
7562172
7562405
7563094
7559298
7559379
7559404
7559442
7561631
7559039
7559042
7559050
7559097
7559123
7560910
7560836
7560881
7560846
7560842
7560849
7560785
7555589
7555643
7554272
7554297
7555807
7554339
7562733
7563211
7557705
7557828
7557858
7557872
7562062
7562058
7562077
7562122
7562115
7562143
7562151
7562149
7560917
7560947
7555982
7555949
7555981
7554527
7554517
7557085
7556568
7556608
7556672
7556875
7556944
7559164
7559167
7559177
7560972
7561065
7562763
7563060
7558028
7562220
7562377
7562544
7561020
7561062
7561146
7561182
7561263
7561262
7561279
7561467
7561463
7560489
7560510
7560565
7560594
7558001
7562620
7562656
7562665
7562752
7562762
7562798
7562865
7562883
7562984
7562359
7562453
7562732
7562739
7562742
7562881
7562989
7556643
7556631
7558260
7559178
7559175
7561349
7561375
7561411
7561564
7561566
7561600
7561707
7561784
7561794
7561805
7558612
7558617
7558763
7558824
7558911
7558933
7559194
7559208
7560619
7557133
7557152
7557231
7557260
7557263
7557330
7563001
7563041
7563172
7556658
7556709
7556889
7558396
7559205
7559306
7559391
7559408
7559425
7561748
7556465
7556481
7556504
7558149
7558195
7558134
7560983
7561890
7561899
7561905
7561939
7562186
7562194
7562202
7562242
7562319
7562336
7562499
7556661
7556746
7556764
7556779
7556790
7556831
7556906
7557002
7557001
7553801
7554683
7553830
7554743
7554752
7554761
7554766
7554810
7554817
7554857
7554949
7554979
7555138
7554002
7555192
7555259
7555274
7555289
7555290
7558292
7558328
7562113
7562128
7562117
7562145
7562417
7562450
7562494
7562476
7562527
7562528
7562579
7562604
7562597
7562599
7562639
7562682
7562672
7562653
7562695
7562711
7562731
7562764
7561984
7557074
7557079
7557081
7557120
7557126
7557149
7557190
7557223
7557261
7556840
7556973
7557855
7558685
7558694
7559319
7559337
7559388
7558862
7558949
7558853
7562848
7562853
7562863
7562869
7562875
7562910
7562904
7562926
7562914
7563125
7563129
7563140
7563272
7563274
7563320
7557711
7557825
7557867
7558016
7559597
7560375
7555417
7555610
7554202
7555662
7554223
7555725
7554273
7555869
7554454
7556104
7556156
7554570
7555067
7559046
7559057
7559058
7559096
7562261
7562279
7562282
7562287
7562257
7562292
7562448
7562697
7559982
7560542
7560506
7560512
7560578
7560677
7555672
7554338
7555838
7554498
7554615
7555109
7555170
7554074
7556555
7556989
7557073
7556546
7558480
7558459
7558122
7558160
7558237
7558259
7558255
7558261
7555994
7556145
7553754
7554994
7555040
7555085
7556554
7556605
7556662
7556675
7556882
7556872
7556871
7556972
7557317
7558505
7558546
7559124
7559120
7559201
7559236
7559351
7559347
7559346
7559359
7559365
7559377
7558096
7558207
7560985
7561035
7563016
7563035
7563126
7563302
7563307
7562210
7558322
7557170
7557173
7557201
7558716
7558704
7558722
7559353
7561649
7561652
7561670
7561678
7561980
7562212
7557337
7557353
7558606
7558642
7558672
7559666
7559819
7560393
7560480
7560500
7560533
7561081
7561059
7561683
7561693
7561720
7561761
7561787
7561796
7561806
7560252
7557394
7560566
7559877
7560452
7561097
7561095
7555427
7555539
7555561
7555616
7554200
7555685
7555709
7555713
7555731
7555761
7555803
7555849
7555912
7553656
7555963
7554443
7554449
7554456
7554503
7554497
7556072
7556126
7556148
7556167
7556297
7556302
7556345
7556397
7554584
7560302
7554961
7557417
7561164
7561248
7562457
7562236
7556808
7556809
7561120
7561300
7555372
7555398
7555402
7555526
7554192
7555574
7555603
7555724
7554227
7555750
7554247
7554286
7555787
7555809
7554335
7555825
7554355
7555857
7555895
7554408
7554424
7555942
7555954
7557442
7557968
7555764
7553857
7554859
7555013
7555028
7553978
7561291
7561269
7561282
7561336
7561412
7561402
7561429
7561440
7561442
7561444
7561451
7561446
7561455
7561481
7561488
7561225
7561233
7557403
7557554
7557555
7557698
7557728
7557783
7560745
7560739
7558380
7558364
7558392
7558398
7557477
7557472
7557511
7557516
7558009
7558393
7558407
7561537
7561557
7561558
7561581
7561589
7561614
7561608
7561618
7561639
7557482
7557530
7557611
7563180
7560826
7560925
7560960
7554629
7554657
7554656
7554707
7553826
7553849
7554825
7554839
7554842
7554924
7555105
7555142
7555185
7555201
7555214
7555230
7558423
7558439
7558473
7558516
7558528
7558532
7558549
7558596
7558603
7558614
7558623
7558626
7554468
7554552
7553707
7556228
7556300
7556315
7556414
7553763
7554622
7557649
7557685
7557806
7557869
7557903
7558739
7558743
7558758
7559345
7559363
7555243
7555267
7555366
7555362
7554089
7558775
7558788
7558821
7558826
7558923
7559132
7559137
7559148
7559168
7559203
7557750
7557851
7557896
7557925
7561002
7561111
7561145
7561561
7561619
7561636
7559243
7559277
7559299
7559219
7559449
7559477
7560661
7558116
7558124
7560901
7560936
7561755
7562538
7562792
7563279
7561945
7560805
7560904
7560793
7560815
7560865
7560890
7560786
7560797
7557953
7558123
7560654
7560655
7562574
7560622
7556041
7554460
7554472
7556096
7556105
7561147
7561200
7561344
7555450
7555470
7554172
7555495
7555536
7555599
7555712
7555759
7555774
7556171
7561846
7562009
7561997
7560777
7560748
7560737
7560771
7560948
7556669
7556859
7556849
7556890
7557837
7562995
7563020
7563040
7563051
7563052
7563089
7563079
7554700
7554722
7561088
7561096
7561364
7556399
7554583
7553770
7554938
7554950
7556282
7560982
7562668
7562694
7562839
7562867
7562898
7562922
7562964
7562969
7562983
7554776
7554807
7554996
7555171
7561562
7561660
7561677
7561694
7561712
7561709
7561790
7561358
7561643
7561644
7561698
7562646
7562633
7562942
7563047
7563075
7563081
7563083
7563088
7563103
7563104
7563110
7563148
7563141
7563150
7563163
7556664
7556869
7557029
7557045
7557137
7557140
7562252
7562311
7562304
7562314
7562315
7562321
7563165
7563166
7556461
7560152
7560263
7557230
7557286
7557357
7557367
7557544
7557582
7557707
7557746
7557759
7557948
7557955
7558068
7558243
7555442
7554190
7555613
7555620
7555651
7555689
7556638
7556646
7556707
7556713
7556720
7556742
7560671
7560675
7560663
7559451
7558415
7558569
7558644
7558708
7558727
7559111
7559151
7559200
7561885
7554302
7554317
7555790
7555812
7554368
7554389
7554434
7554445
7554452
7556045
7554465
7554480
7554506
7556169
7556188
7556283
7556314
7556336
7556360
7556384
7556411
7554789
7554846
7554838
7553906
7553937
7555038
7555047
7555124
7555302
7554076
7562636
7562631
7557032
7557023
7557086
7557092
7557098
7557130
7561011
7559360
7561917
7561918
7561914
7562724
7562727
7557131
7557136
7557198
7557454
7557462
7561938
7562032
7562030
7562038
7557523
7557586
7557659
7557715
7557721
7557871
7557902
7557923
7557986
7558005
7556158
7556224
7556269
7556279
7556318
7556339
7556408
7553848
7559914
7556663
7556681
7556728
7556821
7556862
7556886
7556865
7557009
7557080
7562323
7562334
7562606
7562671
7558271
7554832
7554849
7554936
7554967
7554983
7555008
7555000
7555033
7555060
7555077
7561019
7561215
7561308
7561337
7561448
7561657
7561665
7557114
7557158
7562166
7562169
7562250
7562241
7562244
7562351
7562398
7562389
7562480
7562492
7562477
7562483
7562511
7558754
7558805
7558877
7558895
7558970
7558976
7558972
7558998
7555114
7555123
7555134
7554016
7555237
7555251
7555276
7555282
7555299
7555308
7555324
7555335
7555358
7555414
7558601
7559053
7559099
7559414
7559421
7562523
7562521
7562536
7554116
7554137
7554147
7554152
7555489
7559091
7559138
7559147
7559153
7559188
7559249
7555652
7555673
7555806
7554422
7559339
7559358
7560525
7556466
7556585
7560634
7561944
7561943
7561970
7561960
7561987
7561983
7561934
7560553
7562796
7562832
7562854
7557022
7557212
7557211
7560559
7554520
7554115
7555407
7554120
7555423
7554155
7554161
7554164
7555501
7554166
7555597
7554206
7555734
7554269
7554285
7557271
7557306
7557421
7557821
7557831
7557839
7558167
7560790
7560796
7560916
7562053
7562089
7562088
7562144
7562542
7555993
7556005
7554458
7556291
7556418
7554578
7554614
7559889
7554365
7554371
7554397
7555903
7553659
7555917
7554417
7555992
7554435
7559074
7559078
7559104
7559186
7559259
7559333
7559329
7559450
7559453
7560692
7560698
7556324
7556328
7557128
7557147
7557406
7557466
7557508
7557500
7557503
7557569
7557606
7555482
7555918
7555945
7556002
7556021
7556049
7556058
7554514
7554491
7556275
7553721
7556398
7556409
7554574
7556431
7554620
7553863
7554824
7554831
7554876
7553904
7555006
7555012
7555022
7555018
7553968
7555117
7555186
7555242
7555256
7555269
7556982
7556992
7557005
7560873
7560819
7560920
7557926
7560556
7561990
7562075
7560642
7562171
7554813
7554818
7553867
7554851
7554856
7554861
7554875
7554914
7554922
7557818
7558400
7558724
7558797
7558808
7558840
7558835
7558900
7558977
7556911
7554577
7554586
7553758
7554623
7554633
7554765
7554772
7554802
7554930
7557843
7557924
7558663
7558673
7558707
7558735
7558750
7558759
7558761
7558814
7558850
7560539
7560564
7559150
7559262
7559443
7560646
7561032
7561013
7558138
7559018
7561113
7561173
7561193
7561253
7561397
7561403
7561407
7561700
7561734
7557053
7557169
7561587
7561601
7561746
7561766
7561762
7561778
7554960
7554958
7555140
7555139
7555355
7556477
7556478
7556673
7556689
7556691
7558299
7558298
7558857
7558894
7558919
7559021
7559063
7559073
7559101
7559189
7559192
7559248
7559247
7559253
7559394
7559423
7558071
7558113
7558226
7558227
7558274
7557015
7561346
7556576
7556598
7556622
7556628
7556654
7556708
7558806
7558882
7559040
7560691
7560994
7561387
7561511
7561617
7561616
7561810
7558236
7559110
7559135
