1477624771
1477625607
1478057570
1478058337
1478507144
1478511157
1478525958
1478525976
1478532133
1478692635
1478696383
1478696925
234652
234655
234684
234691
234751
234757
1536868293
1536904741
1536929499
1536942685
1536943154
1536955445
1536985083
1537012593
1537023939
1537035095
1537067905
1537093886
1537151727
1537152012
1537170682
1537171033
1537173617
1537236481
1537267330
1537277046
1537279970
1537295541
1537321001
1538566828
1538577405
1538756816
1538869915
1539615706
1539615743
15384570
15384616
15395102
1478702573
1478714442
1478720821
1478762865
1478786074
1478796606
1478796620
1478801460
1478808661
16453111
16463056
16465592
16519076
16520025
16520562
16520746
16522127
16522330
16522392
16522619
16524022
16524647
16524945
16525074
16527365
16528629
16530141
16530547
16533358
16324703
16324897
16325047
223728
223739
223740
223741
223742
223749
223787
223790
223793
223795
223796
223798
223811
223814
223815
223820
223821
223826
223828
223832
223840
223841
223843
223848
223863
223865
223866
223868
223873
223875
223896
223901
223902
223908
223504
223508
223519
223528
223529
223530
223541
223546
223548
223557
223559
223560
223566
223581
223586
223587
223590
223591
223602
15399098
15402490
15402495
15406001
15406464
15406531
15410298
15410469
15410874
15413847
15413955
15413991
15506664
15514519
15514633
15674677
15677363
15678416
15678646
15680996
15686807
15687053
15688828
15689038
15690068
15690290
16226021
16226101
16226329
16226388
224360
224362
224367
223743
223744
223762
223768
223769
223791
223799
223800
16325691
16325911
16328109
16328966
16331414
16334199
16334380
16334382
16334700
16335561
16384605
16384644
16385077
16387561
16388071
16388598
16388917
16389242
16389264
16545165
16546413
17157401
17157853
17158133
17158187
17158316
223909
223921
223941
223942
223945
223948
1481353017
1481387017
1481393871
224766
224800
224803
224812
224823
224824
224841
224853
224857
224858
224862
224865
224869
1532461778
1532474738
1532479484
1532517507
1532530964
1532533766
1532533770
1532533894
1532642345
1532642489
1533061171
1533429448
1534895277
1534900930
223615
223620
223621
223623
223629
223634
223637
223646
223648
223652
223658
223671
223685
223694
223696
223700
223710
223723
224691
224699
224700
1534952412
1534952440
1534960625
1534967832
1534969683
1534969908
1534970211
1534980882
1534980887
1535014103
1535020958
1535021445
1535059896
224374
224382
224404
224414
224424
224438
224444
224452
224453
224454
224459
224471
224475
224476
224479
224483
224487
224509
224515
224516
224522
224528
224536
224555
224571
224577
224579
224591
224599
224601
224603
224613
224614
224616
224617
1478871120
17164415
17164483
17164673
17164680
17165389
17167110
223398
223401
223408
223411
223418
223426
223428
223450
223457
223458
223460
223472
223473
223495
223507
223510
223517
223525
223542
223550
223552
223555
223564
16519160
16519683
16520343
16520412
16522296
16522548
16523447
16523727
1534906275
1534928352
1534929102
1483874316
1483874739
1483900640
1484003275
1484009709
1484050176
1484051017
1484051998
234036
234039
234041
234043
234047
234061
234062
234064
234066
234070
234078
234080
234083
234084
234090
234091
234105
234123
234128
234142
234144
234148
1535085644
1535107772
1535108003
1535113402
1535126247
1535126426
1535148720
1535150543
1535151325
1535173177
1535212338
1535228234
1535240475
1535292627
1535298073
1535310630
1535336038
1535338856
1537302993
1537303503
1537304714
1538315850
1538864713
1539629560
1539629744
1539631993
1539634050
1539635770
1539645326
1539648934
1539676673
1478871749
1478884223
1478899333
1478935785
1478942343
1478943491
1478962955
1478968199
1480323137
1480326595
1480350198
1480351665
1480352013
1480458074
1480465122
1480467579
1480469139
1480469144
1480469469
1480470898
1480496774
1480501922
1480520889
1539662922
1539667769
1539701082
1539729639
1539732297
1539732438
1539761147
1539763044
1539774029
1539631614
16524107
16525021
16525122
16525202
16525850
16527986
16528415
16528966
16534673
16535299
16539834
16544661
16544741
16545577
16545901
16546391
16547055
16550996
17157938
223410
223412
223414
223421
17167913
17168277
17168508
17172828
17173122
17173223
234153
234154
234159
234161
234168
16325504
16325538
16326074
16326152
16329397
16334378
16334658
16335405
16335421
16335636
16335673
16336566
16383904
16384303
16384540
16384542
16384747
16385013
16385396
16385510
16389209
16389293
16389928
16390090
16390115
16390523
1539706305
1539706477
1539748968
1539760422
1539762451
1539791195
1539792272
1539797349
1539800372
1539809809
1539811340
1539818533
1539822796
1539911406
1539942135
1539988595
1540013930
234892
234902
234903
234907
234909
1539648891
1539650756
1539654232
1539664095
1539675839
1539682192
1539707904
1539732422
1539743560
1539746312
1539752389
1539760070
1539761286
1539762464
1539772818
1539798365
1539818712
1539821122
1539881178
1539885562
1539886229
1539910318
1539912585
1539925584
1539926680
1539988045
1540021703
1540022767
1540031889
1540039104
1540042586
17173882
17174376
223465
223468
223485
223492
223494
223501
223502
223503
223505
223506
223513
223516
223523
223536
223545
223547
223549
223561
223571
223582
223592
223601
223607
223626
223659
223669
223675
16389374
16390146
16390772
16392389
16394217
16394448
16395163
16390812
16391455
16392481
16394043
16395059
223958
223969
223983
223985
223986
223988
223994
223995
223996
224003
224011
224017
224027
224028
224031
224036
224047
224050
224054
224057
224064
224078
224079
224091
224098
224100
224101
224104
224105
224114
234972
235060
235091
223725
223729
223736
223737
223751
223754
223757
223763
223766
223772
223777
223780
223786
223789
223792
223807
223810
1540091377
16226409
16226787
16238134
16246256
16249086
16249620
16251421
16251514
16251686
16251844
16317069
16317657
16318601
16324639
16324668
16324834
16324864
16325057
16326066
16326105
16328388
16328455
16329239
16334698
16334724
16334730
16384709
16384862
16385218
16385256
16385821
16385965
16388856
16389322
16426522
16427645
16427701
16428057
16428322
16428428
16428533
16436937
16440763
16441013
16441092
16442059
16446526
16446638
16448256
16449718
16449904
16450776
16450974
16452630
16453152
16519108
223575
223576
223585
223589
223595
223606
224138
224147
224153
224155
224172
224182
224183
224208
224211
224214
1534945048
1534951269
1534952593
1534959107
1534959782
1534964675
1534967827
1534969857
1534969996
1534974533
1534974786
1534974957
1534975071
1535020588
1535021525
1535040095
1535051006
1535055706
1535059253
1535093258
1535094338
1535095045
1535108043
223813
223818
223864
223870
223874
223881
223884
223888
223893
223895
223904
223911
223912
223914
223923
223934
223936
223937
223944
223957
223967
223972
1535338882
1535383437
1535396015
1535407641
1535408172
1535424142
1535425104
1535425409
1535437689
1535447873
1535448581
1535498425
1535510052
16389497
16390623
16390776
1532327750
1532327957
1532329545
1532350884
1532355122
1532358205
1532360210
1532397143
1532412621
1532433301
1532478726
1532480511
1532535577
1532566280
1532569413
1534894778
1534896460
1534896491
1534904445
1534905749
1534912282
1534913949
1534929203
1534929523
1534929852
223612
223619
223638
223640
223649
223650
223654
223661
223662
223672
223676
223692
223695
223702
223714
223731
223733
223738
223748
223750
223752
223755
223764
223770
223774
223776
223778
223788
223822
223830
223831
223833
223834
223434
223444
223447
223461
223467
1535109195
1535113500
1535142320
1535156533
1535157555
1535157696
1535211464
1535226427
1535228331
1536281325
1536352452
1536352557
1536363280
1536422815
1536761953
1536761970
1536762048
1536807554
1536853239
1536857991
1536859559
1536928613
1536929518
1536943799
1536961974
1536990767
1537012526
1537023286
1537034801
1537093010
1537140364
1535510376
1535527059
1535527400
1535538761
1535572096
1535637016
1535651491
1535685909
1535722737
1535764747
1535786889
1535790656
1535875289
1535875555
1535885375
1535886618
1535886690
1536264009
1536264268
1477466073
1477467245
1477467487
1477487414
1477503913
1477537549
1477537868
1477568164
1477568659
1477568954
1477953872
1478038548
1478038835
1478041174
1534937379
1534939727
1534945299
1534946616
1480564089
1480565310
1480568366
1480594209
1480594591
1480608019
1480609700
1480609774
1480652016
1480677435
1480678812
1535326547
1535368981
1535396568
1535405889
1535425616
1535425776
1535425820
1535447631
1535447719
1535447904
1535448890
1535465577
1535498313
1535651851
1535651885
1535686738
223469
223471
223475
223479
223481
223484
223487
223491
223499
223500
223511
223512
223515
223533
223534
223539
223551
223554
223562
223573
223578
223583
223588
223596
223604
223605
223610
223611
223613
223616
223636
223641
224336
224339
224340
224345
1537140458
1537152713
1537152718
1537169593
1537192602
1537235996
1537284159
1537295513
1537297703
1537299870
16395183
16427383
16427703
16427788
16432093
16440738
16441752
16446531
16446735
16447695
16448608
16449361
16450041
16450268
16450626
16450862
16451383
16452217
16452911
16457160
1478497528
1478509695
1478527864
1478636807
1478660972
1478691893
1478693357
1478701647
1478760710
1478764962
1478787314
1478796438
1478801074
1478801188
1478813849
1478815695
1478846821
1478850028
235095
235096
235114
235126
235139
1535753813
1535760013
1535764521
1536186736
1540142741
1540143359
223803
223805
223809
223816
223817
223825
223829
223850
223853
223854
223867
223879
223882
223883
223885
223897
223903
223913
223917
223918
223931
223955
223956
223970
223971
223980
223982
223984
224005
224009
224350
224351
224357
224365
224378
224385
224388
224392
224396
224418
224420
224425
224427
224428
224432
224440
224443
224445
224457
224460
224473
224488
224495
224501
224503
224506
224507
224517
224521
224531
224547
224550
224552
224554
224561
1478815517
16518929
16519321
234395
234427
224219
224223
224243
224246
224267
224271
224274
224296
224301
224316
224323
224330
224333
224348
224379
224384
224393
224395
224397
224399
224415
224416
224417
224422
224423
224431
235160
1535084023
1535085235
1535086087
1535095139
1535108116
1535116801
1535143331
1535143491
1535156111
1535156155
1535171564
1535211617
1535292680
1535297074
1535310967
223977
223992
223993
224000
224002
224004
224007
224012
224014
224019
224056
224059
224068
224069
224022
224023
224035
224045
224060
224062
224096
16394045
16394271
16394331
16394727
16394958
16425478
16425760
16426589
16427305
16428043
16428056
16428676
16440890
16441021
16445289
1540158707
1540169671
1540169985
1540212665
1540257944
1540331545
1540331589
1540372217
1478835559
1478839091
1478845331
1478846091
1478846399
1478847078
1478855911
1478878369
1478886817
1478895850
1478923364
1478943758
1478945586
1478961439
1478966639
1478967014
1478977462
1479000859
1479006053
1480351152
1480355979
1480460725
1480464933
1480465181
1480466974
1480498096
1480505516
1480525189
1480551576
1480552726
1480553106
1480553783
223837
223844
224449
224450
224451
224455
224466
224496
224504
224508
224513
224518
224530
224535
1535228624
1535228989
1535233908
1535234544
1535234779
1535249383
1535297222
1535311278
1535317184
1535338800
1535447672
1535448785
1535465156
1535474448
1535474620
1535499179
1535504296
1535505700
1535572087
1535572540
1535614779
224072
224077
224080
224097
224110
224111
224116
224118
224123
224132
224143
224144
224145
224146
224160
224165
224175
224178
224181
224190
235172
14437862
1536345809
1536366554
1536389362
1536411037
1536428337
1536762039
1536856757
1536859837
234826
234844
1541470971
1541473937
1541474358
1541487217
1541487319
1541525215
1541525871
1541530293
1541558632
1541558855
1541559366
1541576324
1541576913
1543679375
1543684381
1543694076
1543699089
1543715968
1543748458
1543748539
1543764380
144542
144550
144554
144571
144573
144574
144577
144581
144584
16551025
17155906
17156172
17157774
17157790
17158074
17158116
224979
224980
224993
224995
225000
163242
163247
163257
163270
163271
163274
163292
1480760131
1480770164
1480828552
1480849126
1480861509
1480923823
1480982503
1481034503
1481047599
1481061265
1481062375
1481062748
1481083028
1481083341
1481129394
1481147727
1481149159
1481162482
1481180941
1481220836
1481237291
1481251257
1481251897
1481268619
1481276487
49182818
224688
224692
224693
224698
224703
224711
224738
224745
224748
224749
224758
224762
225631
225634
225635
225637
225638
225639
225641
225644
225645
225647
225650
225660
225669
225671
225672
225679
225706
225709
225715
225718
225719
225722
225730
224873
224879
224880
224884
224885
224889
224900
224902
224903
224906
224908
224909
224921
224929
224939
224944
224946
224967
224972
224976
224981
224991
224992
225001
225920
225924
225934
225950
225957
225959
225002
225006
225016
225017
225019
225023
225024
225035
225040
225043
225054
225057
225064
225074
225076
225078
225082
225091
225093
225097
225104
225108
225124
225138
225141
225143
225145
225160
225161
225166
225169
225170
225175
225345
225347
225352
225360
225362
1481323730
1481340009
1481341671
1481363763
1481443330
1481474417
1481928861
1481946490
31805450
31815457
31816340
40314664
40315044
40336581
40337026
40362934
40363795
48301410
48314734
48462109
235234
225733
225741
225742
225756
225767
225775
225780
225805
225812
225814
225823
225831
1540257782
1540258583
1540278412
1482527297
1482540472
1482541558
1482543631
1482549349
1483870917
1483875188
1483896973
1483898384
1483898391
1483901404
1483995237
1483996266
1484002756
1484022027
1484025649
1484047495
225970
225974
225976
1540510905
1540741975
1541202648
1541203743
1541294540
1541294888
1541301724
1541313761
1541317804
1541318295
1541320057
1541472756
1541476522
1541490638
1541525374
1541525903
1541559256
1541559275
1541561514
1541577266
1541583759
31738047
31767783
31773867
225365
225374
225375
225386
225391
225393
225398
225402
225413
225438
225444
225446
225450
225454
225459
225469
225475
225484
225511
225512
225520
225525
225530
225531
225536
225543
225549
225555
225576
225600
225602
225603
225627
225629
1480965893
1481047055
1481048111
1484608745
1484609850
1484629351
1484657990
1484686849
1484712403
1484713084
1484716171
1484733072
1484733336
1484762063
1484762401
1484809042
1484809752
1484913616
1484915024
1484915185
1484929165
1484929329
1484930057
1484979572
1485051264
1485055274
1484052217
1484057131
1484077131
1484080905
1484081418
1484082071
1484084328
1484090885
1484096578
1484134088
235144
235145
235583
235688
31803769
31804342
31805319
31808947
31816403
31816455
31964565
32441974
32455503
32458794
40324582
40326167
40337672
48187432
48189291
48341103
48464039
48657871
48785118
48837936
48840008
49099669
49101135
49101758
49102138
49102886
49103614
49105619
1481049124
1481059171
1481062750
1481160666
1481180120
1481180809
1481182410
1481220176
1481237261
1481237958
1481238630
1481248521
1481289334
1481323037
1481359525
1481387376
1481435130
1481435890
1481464577
1481472789
1481832241
1481833054
1481916226
1481931226
1481957118
1481973692
1482029854
1482030022
1482113277
17166008
1485055889
1485056169
1485056646
1485056758
1485064030
48462728
48638317
48638491
48639746
48640631
48641692
225561
225563
225580
225581
225594
225596
225597
225608
225615
225617
225646
225649
225652
225653
225659
225661
225665
225666
225677
225685
225691
225693
225713
225728
235816
224768
224770
224772
224776
224780
224782
224790
224793
224804
224805
224807
224815
224840
224842
224849
224850
224851
49106671
49108030
1540374385
1540397254
1540610087
1540751012
1540751140
1540963873
1541059800
1541060449
1541076582
1541298686
1541318708
1541319548
1541320110
1541322456
1541343293
1541349271
1541349279
1541403424
1541438546
17167483
17168416
17168428
17169064
17169677
17172935
17173037
17173190
17173202
17173591
17173939
17174316
17174317
17174366
17174370
17176495
17176656
17178661
17185147
17185581
17193894
17194067
17194946
17207897
17208773
17210005
17211628
17222388
17231224
225188
225731
225736
225739
225740
225744
225760
225762
225763
225765
225768
225772
225776
225777
1481963235
1481976365
1482027518
1482027790
1482053979
1482055704
1482123602
1482124174
1482134927
1482137978
1482176114
1482177344
1482214410
1482253473
1482265808
1482266461
1482269531
1482284681
1482303316
1482314915
1482320412
1482320417
224863
224864
224877
224886
224893
224898
224913
224938
224940
224941
224943
224945
224949
224963
224965
224968
224971
224982
224983
224987
224989
225625
225633
225656
225657
225676
225682
225689
225690
225699
225704
225705
225712
225727
225734
225745
225747
225018
225028
225031
225034
225039
225042
225047
225089
225099
225100
225103
225109
225118
225122
225126
225139
225146
225148
225151
225165
225179
225181
225182
225184
225190
225191
225199
225208
225211
225216
225220
225221
225223
225224
225234
225192
225202
225217
225222
225228
225241
225246
144603
144607
144616
144617
144619
144625
144629
144635
144641
144644
144648
144652
144663
144665
144666
144669
144679
144680
144684
144689
144690
144695
144699
144715
144718
144729
144731
1541586459
1482371289
1482371945
1482376469
1482385490
1482444908
1482445148
1482445307
1482461353
1482482093
1482505681
235350
235417
235459
225753
225754
225755
225764
225769
225771
225783
225793
225804
225807
225816
225820
225827
225844
225850
225857
225861
225866
225878
225898
225914
235202
235214
235344
235410
235430
225355
225359
225367
225387
225388
49106480
1541587214
1541587707
1541608156
1541609768
1541614820
1541615072
1541615323
1541639947
1541642048
1541650291
1541661772
1541663211
1541664550
1541686638
225425
225433
225452
225457
225462
225464
225472
225483
225485
225492
225493
225497
225499
225503
225507
225517
225523
225526
225529
225538
48643307
48661850
48665607
48665700
48786695
48839942
48866978
48892416
49101857
49102075
49102153
49102261
49103925
49104238
49106332
49106561
49106636
49127754
49128056
49140615
16551033
16551037
17156592
17157933
17158234
17158389
17164836
17169212
17169368
17169802
17172735
17173522
17173991
17174100
17174321
17174331
17174373
17175836
17176105
235805
225005
225010
225015
1482120816
1482124727
1482136912
1482138345
1482169625
1482169801
1482198959
1482200389
1482207553
1482248474
1482248802
1482264771
1482274161
1482274543
1482285025
1482336168
1482347420
1482348211
1482351660
1482370090
1482374853
1482378793
1482386167
1482386182
1482386188
1482442865
1482479517
1482503709
1482505736
1482506060
1482515017
1482517810
16445887
16446133
16450031
16451378
16453237
16455872
16490981
16518644
16520446
16520627
223959
223962
223963
223966
223968
223975
223978
223997
224013
224015
224018
224025
224030
224034
224039
224040
224041
224048
224049
224051
224063
224067
224074
224076
235999
236122
225004
225008
225013
225014
225020
225021
225032
225041
225044
225056
225060
225061
225062
225071
225073
225079
1541587978
1541615740
1541638366
1541639763
1541640521
1541642751
1541649783
1541650344
1541663037
1541664505
1541665614
1541684475
1541696680
1541696914
1541705756
1541724258
49249915
49250637
49253207
49433536
49434752
49436934
49440095
49443439
49447537
1482519081
17231439
17234136
17237013
17237474
17253549
17265037
17279522
17286417
17309598
17316241
17316791
17316817
17321034
17322329
17344577
17356775
17360506
17369551
17373124
17373324
17373839
17379999
17380206
17381371
17381742
17400386
17412172
17419780
17432825
224081
224084
224087
224090
224113
224122
224128
224131
224134
224136
224149
224150
224156
224167
224169
224173
224403
224405
224406
224407
224411
224419
224433
224435
224436
224437
224439
224442
224458
224461
224470
224472
224474
224484
224485
224494
224499
224500
224511
225080
225083
225094
225102
225113
225114
225120
225130
225136
225137
225149
225152
225154
225171
225187
225194
225197
225206
225214
225230
225235
163294
163312
163320
163329
163333
163336
163339
163359
163377
163383
163391
163397
49456423
224626
224629
224635
224640
224645
224647
224654
224657
224664
224675
224676
224677
224690
224695
224696
224704
224707
224709
224714
224715
224717
224724
224727
224728
17221619
17227767
17234403
17236990
17237551
17253378
17265478
17434503
17435418
144734
144742
1482386551
1482386834
1482390697
1482447961
1482468460
1482472109
1482472703
1482472833
1482473173
1482478513
1482482789
1482483096
1482505839
1482518820
1482525330
1482529366
1482541531
1482544134
1483879414
1483879551
1483897779
1483897834
1483995108
1483998200
1484002680
1484003056
1484007278
1484024174
224519
224523
224525
224527
224532
224534
224546
224556
224563
224564
224567
224569
224572
224574
224585
224590
1539881509
235271
17179448
17184657
17185066
17190841
17191753
17194180
17228687
17236707
17266124
17269674
17269851
17270532
17285839
17286295
17291032
17291124
17294700
17295101
17296181
17306932
17317604
17321698
17322056
17334784
17335482
17344978
17345365
17357165
17359516
17361041
234904
1484056461
1484068378
225396
225400
225416
225427
225432
225436
225442
225445
225449
225476
225479
225488
225489
225490
225491
225498
225508
225516
225519
225521
225522
225527
225533
225535
225537
225540
225548
225556
225560
225574
225577
225586
225587
225588
225607
17158370
234503
234505
234507
234512
234515
234528
234529
234583
234601
17271553
17271693
17290469
17290641
17293227
17298025
17308964
17309124
17318497
17330439
17334815
17336973
17348143
17359884
17367327
17372516
234924
234934
234954
234966
234970
16535020
16535884
16535941
16537255
16537470
16538557
16538682
16539420
16544511
16544609
16544847
1541726021
1541726111
1541745049
1541786760
1541798303
225609
225613
225618
1482519930
1482520649
1482524410
1482529070
1483872337
1483901171
1483994922
1483996318
1483997250
1483998156
1483999510
235085
235118
235125
235134
235135
1480695026
234632
234664
224184
224187
224188
224191
224193
224203
224205
224221
224224
224226
224230
224234
224239
224242
224244
224248
224252
224263
224272
235409
225247
225270
225275
225286
225296
225301
225302
225307
225311
225312
225313
1541813231
1541857498
1541859563
1541861059
1541864559
1541895431
1541927355
1541936741
1541949207
1541981996
1541982591
1541993006
1543037105
1543357663
1543545682
1543546952
1543565469
1543579393
1543581426
1543588010
1543589658
224735
224739
224741
224751
224769
224775
224781
224783
1480709522
1480709571
1480745656
1480747007
1480758759
17436543
17437598
31256916
31257495
31260369
31265613
31266012
31267643
31267995
31268049
31268097
31268538
31270607
31273370
31274477
31274702
31274782
31274806
31274980
31275768
31538341
31541066
31541273
31543196
31543352
31671297
31678991
31679052
31680346
224276
224287
224289
224293
224294
224297
224302
224312
224314
224321
224322
224325
224334
224354
224359
224361
224366
224368
224369
224386
1539910132
1539911540
1539988925
1540014130
1540014387
1540094463
1540094787
1540132085
1540145248
1540165465
1540169562
1540256552
1540329532
1540331791
1540355395
1540356261
225321
225328
225329
225337
225339
225349
236129
1540304851
1540304920
1540373618
1540397113
224784
224787
224788
224798
224799
224802
224814
224821
224826
224834
224836
224839
224843
224845
224846
224852
224860
224866
224878
224888
224891
224892
224910
224923
224924
224930
224931
224932
224947
224959
224975
17373033
17373200
17373993
17374170
17378832
17379131
17379440
31757316
31757357
31803164
31804320
31805344
1484068510
1484078092
1484083444
1484096563
1484112046
1484112984
1484124301
1484133771
1484154353
1484204264
1484219337
1484225693
1484232189
1484232567
1484281716
1484288751
1484299174
1484305621
1484369146
1484390390
1484390936
1484394244
1484397602
1484399575
1484411615
1484414971
1540372146
234398
234496
17164535
17165447
17166112
17166165
17167267
17167743
17167950
17168431
17168922
17169062
17169101
17169149
17169930
17173312
17173331
1540397708
1540494551
1540495037
1540520444
1540520759
1540541898
1540543234
1540746485
1540751034
1540963861
1541058622
1541261853
1541261863
1541294617
1541301629
1541312067
1541317909
1541320816
1541322813
1541350100
1541403148
17374010
17379476
17379586
17382241
17386983
17391114
17405872
17379517
17402631
17405314
17405925
17407697
17407968
17410412
17435199
31253213
31253527
31255582
31256421
31257400
225253
225256
225266
225276
225279
225285
225308
225314
225317
225320
225322
225324
225327
225330
225338
225343
225344
16545903
16546267
16546449
16546556
16546644
1484523405
1484542623
1484607120
1484608302
1484608635
163111
163113
163117
163118
163121
163123
163130
163134
163139
163148
163153
163155
163167
163168
163172
163174
163179
163189
163195
163196
163205
163206
163207
163213
163225
163228
163229
163236
17175891
17176236
17178708
17179340
17184780
17184842
17185125
17191772
17193771
17194438
17203830
17210284
17210663
17210673
17211624
17212906
17213634
17221440
234747
234758
17418862
17431541
17432661
17434810
31253135
31256525
31260433
31260664
31260856
31261046
31261832
31265955
31267777
31268128
31268288
31268407
31268503
31268565
31273176
31273397
31274739
31274799
31275138
31538223
31638494
31666280
31679636
16551000
16551021
1480543032
1480552575
1480552764
1480568614
1480573783
1480586214
1480587945
1480595790
1480606606
1480624148
1480651785
1480664378
1480674548
1480680903
1480739228
1480744507
1480745567
1480759411
1480760251
1480796670
1480847246
1480882623
1480891792
1480964855
1543602707
1543603089
1543639220
1541722152
1484609504
1484649171
1484657992
1484703698
1484712387
1484714416
1484715775
1484805574
1484805898
1484815277
1484816851
1484915198
1484915508
1484929519
1484979195
1484979556
1484983346
1485003396
1485084021
1485084052
1485084238
1485085842
1485138729
1485193693
1485425443
1485522454
1485533897
1485535487
1485536040
1485603468
1485604939
1485605826
1541588185
1541603825
1541604230
1541608394
1541611953
1541662944
1541664396
1541664562
1541688259
1541703362
1541705990
1541710305
31805646
31815098
31816817
32441397
40312825
40319592
40335418
48189348
48332943
48334218
48461700
48463663
48467358
48639068
48640810
31809372
31809386
32440379
32441837
32456439
32458889
1485070155
1485137722
1485137806
1485138976
1485193507
1485523385
1485524673
1485531660
1485533627
1485536977
1485606177
1485618037
1485671865
1485673317
163000
163009
163022
163026
163030
163032
163048
163053
163058
163072
163080
163090
163091
225675
225680
225683
225688
225694
225697
225707
225708
225724
225729
225748
225752
225758
225759
225770
225778
225789
225790
1485193863
1485605786
1485619229
1485624866
1485673076
1485674610
1485682953
163001
163002
163007
163018
163021
163023
163033
1485616145
1485617946
1485618178
1543756759
1543767497
1543767840
144547
144557
144564
144565
144570
144582
144587
144593
144600
144605
144610
144628
144651
144653
144656
144657
144667
144676
144693
144698
144701
144716
144719
144730
163024
163025
163027
163036
48641186
48657016
48783694
48783777
48838303
48840585
48841248
48864746
49101399
49103863
49104223
49105342
144997
144999
145001
145006
235864
163095
163106
163114
163132
163136
163141
163149
163304
163307
163311
163318
163326
163332
163337
163346
163348
163354
163358
163366
163370
163375
163389
163395
163396
163406
163409
163413
163414
163415
163420
163439
163444
163449
163453
163034
163035
163037
163040
163043
163044
163078
163082
163083
163087
163099
163102
163107
163115
163120
163128
163129
163133
163135
236444
163041
163042
163045
163052
163268
163278
163284
163289
163290
163295
163296
163297
163305
163313
163323
163327
163328
163347
163352
163353
163371
163378
163379
163386
163388
163390
163399
163402
163405
163408
163411
163428
163431
163432
163437
163438
49105719
49106158
49106737
49107955
49127744
49136807
49143391
49144664
49145485
49146964
49197061
49197741
49216811
49226361
49234960
236209
163460
163466
163467
163468
163484
163485
163487
224856
224870
224872
224887
224894
224901
224911
224916
224917
224922
224927
224942
224954
224955
224956
224957
224962
224969
224978
224994
224998
225003
225029
225030
225048
225049
225051
225067
1541547064
225841
225843
225845
144825
144840
144847
144855
144856
144879
144890
144896
144904
144908
144909
163447
163458
163462
163464
1541724691
1541724775
1541745637
1541819713
1541820581
1541821086
1541825963
1541981775
1541992715
1541993257
1542847880
1542878980
1543047475
1543051897
1543349208
1543566542
1543573170
1543586737
1543588205
1543591099
1543599625
236288
1541718450
1541724536
1541752890
1541753341
1541757299
1541759811
1541761409
1541788068
1541798254
1541798442
1541822662
1541558623
1541558677
1541559331
1541577595
1541588428
1541615317
1541637706
144545
144549
144556
144585
144586
144596
144599
144604
144626
144634
144638
144639
144647
144654
144655
144658
144668
144670
144677
144687
144692
144696
144703
144711
144712
144721
144722
144735
144736
225802
225809
225815
225818
225821
225840
225846
225848
225853
225854
225856
225862
1543618419
1543618698
1543618755
1543626266
