14912060785
14456101433
13335493194
16612696027
15214900202
14912061495
10639869653
209848812
15871977686
15214901934
15214901228
14650120454
14912037187
13388563480
12782192739
12873884009
54674255
12335138027
12205290628
11388332539
10642659228
10261105990
10573684505
157960
140772987
75306558
16326768015
13078789632
135545768
12873884789
267856
14650173085
233284
15214869411
16118475785
273482143
13711115630
14456104194
13940754558
15902813406
12829125009
11734712479
186638
30654
10569016378
226812
1292
16581094963
16326751566
12950602268
12950646979
12873896103
12352068858
11839356214
11564806191
10550988360
10522224980
237644219
15664357689
12950643040
16326831414
13078822251
260823
12950586154
12950617823
12950580784
12931050856
10825007848
9924559975
12763247656
10261910746
10177752466
258314
209450
188285
125867
76755
13754534093
10211375919
106651
14650150297
12847221603
12335130187
11661770862
15214842301
10667455873
6218027739
114289156
140693652
249766
295845
15396745004
15716979732
14456114857
12950650705
12775256809
12061592192
11413570314
10639466492
10556788194
333106
332137
72187543
134100
13078802340
12352032139
245785369
149918
208966082
23201568007
23508115695
11308042812
11422978975
13078809037
12873894615
12847222694
13078799131
10522222881
567999
13941083530
895127445
16581128161
15861649483
15861649571
243046
28924346483
16581016592
14053425196
16581013957
243055
64
349
10573200460
16118430325
13711060211
14053430678
107781779
9986410633
123097
181647
127944
12747107822
12763283098
15214896394
28874731505
12747105869
10527107105
11497721083
12763252371
243784
13941098244
263198303
96600766
140481561
37884
221342409
28878767999
28878767844
5666607976
140429752
185777
12131976071
63910317
261964400
140566
11244722902
9353945756
10262187671
174476490
10790570331
114220959
154303802
353987
109192
1054028767
83329
178483291
154451177
254635
10054024353
194411
12179533989
10522985805
33411
356027
11029993268
11353762720
159479435
124089472
45956
124209079
355456
140421298
140749762
16419
11413215788
9855272501
135601953
135609602
11599917486
97896
50415480
84496655
10456736073
11562650882
12292929218
11952766732
261914195
119552283
207099
335910
178457145
63905986
135534014
12295174565
12335087699
195247
8457906124
11176528154
126883615
71773211
140547553
12950607963
12217707998
6213373562
63929098
11633102595
140428310
292896
119854072
268235
269939
11905838328
158803
90978
1935764678
6899248085
119125035
12352000096
198136
7890904110
293362
263203347
241633
10376748488
140758215
63865681
10905419744
32983
10373146703
99416375
140525681
416633
140587202
11982116119
194297518
1936084180
10373065066
70648055
12267191171
308305
9979529949
155156934
173379
10647712737
9860264796
11142140675
106859
137329
39865
173544
23114
178566996
84721
192493
8456736931
10045324202
9342701102
5362188437
21307
10319495090
9031398068
135592232
12209738549
42225
170260
140404377
309290
140545188
63896594
8176717373
10284799589
58271275
10554817027
265656
264606616
11242750831
178489906
198562884
173189505
11865844762
58549079
38613
9947179503
200154
177874835
8747567763
188622459
11345524917
11602421447
11803245183
10998862647
254754
189490910
82700
63845282
351799
274992
140479222
10668587814
2132801237
233478
12128855802
287805
115227568
168571994
275407
10209688213
142243
356549
43666635
108838
153683
102918
11838338623
11243137369
173518
12290008726
260444
10233880353
165682
177605
154471143
11529784126
6553188050
214864729
178477183
140667946
286747
140428296
63845102
9786919547
9042616302
154541863
10078826489
140547816
10687439681
127879191
272724
104982
11410
65781996
114308269
69271
63895976
455240
192706
724596757
178037196
10625059284
12219966640
114251899
12181777713
178519224
140498698
253254401
303119
247658
338857
337667
10050989304
10081671954
10822463494
114596816
82312
250982
63826313
8348
427315
120215796
12262174924
11244414081
178498701
12335081961
129677
10759548610
180857
884624528
12476151289
7395804612
135616292
140350119
1387
135610670
3737293574
11990142392
10237060254
73222
294720
135599865
10640338804
5592233020
11409912816
154328285
350579
36724
140619635
135539515
12407578147
140524619
11944826000
168590669
327944
140482456
135600149
114255937
140549749
6218573776
6850
63827045
71537521
274926
9950501150
330183
104061
183312234
245381
11345752756
12137657153
353694
297672
345974
63858670
66247531
10623954679
313592
139323
154259
10317097502
179885059
10375680821
85261721
140576088
213799
180179
331705
86146
58840
135544388
203745
183023746
303439
23716
101697
337692
11951268402
140434555
184568500
10551594435
42437
178524366
140505693
12261925745
207118
178484535
154535748
173369
63858676
363458
11485078578
358011
9038435916
263194
8742604959
111097059
11800202436
77714
135537170
215966
10570884706
291720
285984
114308660
168814224
9747618704
208716121
72158225
12351809822
10870927499
120200797
159713477
1454988434
15703
11838326979
11942657708
96565848
59453
140612937
119524089
31052
82495
1338
261187
126899119
106795
9353061680
172843650
204098487
178461227
1109382721
114395453
260363
222468
51326
10143358336
146109
191890429
11010198561
310777
140552287
64594
355437
63827905
10291443659
140523019
249823
11871969517
168289231
329278
140428372
140474427
8434
9944371637
11841491081
273541
178481669
11957519443
12176452347
343705
11561074755
119027
78384
346889
12055829884
315459
12351971848
193185
12488567606
881600753
114402719
679800
341196
2537448345
5360912944
140545843
124087503
156545
12873899875
154343607
12335090492
63841625
6554418933
10349958931
159466526
159544362
54419
154536408
140545939
140531495
10150452987
12308729240
14080417
159240552
11376316484
96014358
11422310166
140517087
168708278
11077381095
277922
282119
6556451195
228182220
178196051
178118263
9954210679
276667
650639
2475233172
11032168283
140535275
188328284
269098
114290988
265418484
9727080057
120296670
140404166
256905817
11338609494
114203184
307312
83669
12085128348
37237
114223582
78288
127501479
12351746569
120218546
2537600735
63837780
178533745
105081
124200862
140624984
63991
6558385237
159542481
127180
111922718
114674
10350035121
140596409
11794938040
292750
308320
352249
11664816043
12335133127
127057
127834980
361224
263201022
6217008987
168573366
10564075750
206445
2541575400
1454755173
247778
1235129328
178482571
108278
52895
10549369540
151438
326314
263199381
1833
11842997240
153013
216465
46932
12223875658
12247281913
307291
9762454594
31649
2090358983
357116
179657641
10320708804
234439
114033869
28870658981
114024530
4819245645
28864585433
30362
28863656646
16926737872
277831
13388577619
11079859620
70866094
28856519456
28858196378
229873
28852086552
28852377034
28842586735
28846340119
28847649929
28846934225
28845877213
28842519600
11338612481
310574
206947
10341689243
2266898
28839637437
13707639630
28847625602
28843419648
28839636515
28832311369
28830284335
28830281092
28830276988
13388568819
654019001185
12352032477
15967
12302541430
1
71105
13796939412
314487
2268085
95714018
81180014
304599
639334
118983
123972833
9855455006
9856531804
10339
TEMPORARY_EXTID_158603
199007
197890
197891
194644
15861601957
28824083825
28820100306
1575271275
28799636646
243061
23474480583
28805769720
28805769732
363363
126867853
12352069638
23485575492
TEMPORARY_EXTID_158547
173852037
243116
28799617702
28783283492
16465145569
12763197566
15520227167
13754536496
15902825565
23509625788
13940819607
28777156297
23507315106
23508425973
3676
10317468253
168677599
272636
269159
15376803849
23508392420
23508557026
23508640811
23508355839
23507816622
TEMPORARY_EXTID_158497
28768982157
28768982173
28768968565
28768968564
28768968590
TEMPORARY_EXTID_158495
TEMPORARY_EXTID_158491
TEMPORARY_EXTID_158490
3476
100263448
167258
83696
28756737077
127019942
12352031885
5056
28748540895
28748540896
28748540922
210620392
28660705060
28713073631
28712998425
28662333695
28712998567
28713117465
28713117298
1273
14307265809
28713143945
28713143944
23511848133
95976
TEMPORARY_EXTID_158469
28713011124
23505275778
10598257549
1575271259
1575271258
14053444931
17339867408
28661890836
25671
28660902577
TEMPORARY_EXTID_158448
25794
28647416885
28643036539
28643032583
28643380828
28647407418
28647461420
21957874346
TEMPORARY_EXTID_154401
TEMPORARY_EXTID_154402
TEMPORARY_EXTID_158444
TEMPORARY_EXTID_158443
28647461407
28647460824
28643036522
24171147120
28643032570
TEMPORARY_EXTID_158424
285337
322255
273007
57690
239445
269168
272879
13078824439
725379
96597823
329420
99799365
342676
316295
253190811
2787912539
11345111175
10809603414
11275385856
9850994049
114201650
11142223639
11919134848
114265580
168682588
11345751571
81041
106926729
228803
162202
11244847847
10715879452
10233792138
10980231705
202157674
6896577454
11630463461
154536990
11039018814
114295497
140574378
12351954657
11635367022
11304021293
10285182426
12123320254
3929077989
11794937122
11520844580
11177012614
11445954128
8453607323
8453336595
12254964425
12130538362
11385000757
11836706932
210006324
11791675786
317789
154381699
11380720393
168583007
6789052255
183000167
5802830099
10764808221
168575101
159839940
154301642
106940990
127498379
140478021
253195935
168696666
9662399300
168694165
2540353613
2542105739
114212324
135596936
124156223
168706777
178648532
168597137
124209534
10942483045
277878
9859636982
10639934452
154400753
135606142
10785942005
10935064712
10453868650
11787644076
11244275088
15214901419
12351768250
168679401
12058019950
9916894824
140362616
140366184
8456060226
9920744979
135593789
114302370
10460062899
5717
2088521720
11737574887
214140722
12176729491
11234749951
11234137347
10850120680
10667612087
5361787871
9040524430
12351851111
10784188894
7147059609
126870636
11139784652
178507601
7147059472
9787657144
11245105680
10767761318
28516460782
28517086483
183753838
10760051107
255207219
10495182330
11245083654
207864
8446289138
12261561175
114271533
173208547
11491818776
106947513
9916453819
9822580735
11838333096
178497717
154350181
140677366
10878859962
129468
185402
9982286501
11569705609
10906644409
120280730
120273900
168669768
10554318479
11953721845
10173365650
11986381443
140558702
140621410
14307231955
10879360157
124160070
11350045848
12351923805
11765819243
11172173507
12351752316
11245133899
11951289945
11698563154
12254936227
779212411
10591876982
12258277905
11413926056
11796297269
11633552754
141928332
9354713511
11735651632
10620407869
140674370
10786550065
2462264466
96261
2270650
115980
6217431859
181135
28517086339
654019009026
23427709851
654019009027
654019009025
TEMPORARY_EXTID_158383
1657181844
245362488
164784563
285910
334724
28516371785
28516353267
23486781425
23486062614
135595608
243052
224612
12130535664
249507
62355
1272
351418
3734508900
225012
2553575866
312931
224638
288804132
310249
11802186032
230863
13940819456
206828
74478783
122012
22304155131
28214260846
28212875767
28211018829
TEMPORARY_EXTID_158328
23487593062
341064
23485958422
23484470225
28212875830
23484434643
3400
TEMPORARY_EXTID_158280
28211024122
28211018821
28211018847
1401
413017
97187
18
16581057597
243095
28210545972
10785437684
TEMPORARY_EXTID_158273
412379
47579
16364332278
16286068895
412759
2091176831
10709
107085944
419155
14732956475
14205923939
15105611981
13067122438
107089066
15495854290
241073007
425202
270922706
621831240
277847
264060
107093
63854346
12646634069
107085900
10620187136
11272388920
10977662753
168253470
1000532303
14688674078
13182073203
12416526702
13621787835
10915931422
16341579644
14795043831
16428383456
15530321455
12833028615
14278013865
10399990055
14548267918
11311686942
420261
3129145640
10352019970
285923422
11880634585
129443
12763263243
63888915
154668
325681
200965
12204395448
174168676
246973
243714
192375830
248649
24622
170027088
12167171669
358504
169787922
200375
297892
2540189289
225331
121297
159159
154534121
127773675
140480308
92636
8746478799
186340
3043673069
172082
235263
63835467
2786155663
63895991
349305
191005
63835496
2537799420
1692067063
126520
114268580
154351142
7726
7371
181377
3245
181819
244642
74042
178499631
307546
267892
178491242
183438049
153728
11142931132
11201789751
323021
140525248
9766315910
159538462
11008980156
309388
10967372562
11181490637
11038145387
228665333
255206059
9891975166
114218223
169400358
154454040
10213226926
10179865138
238742912
10668758243
178522080
212327
169140564
10616612061
10433673974
3129031126
155322317
75570886
159705584
171032
222970804
10319128660
184127720
178521930
62629
140541803
63944460
264981430
63928013
154353360
114270788
114126124
149723120
2734790805
10152771103
10793718605
451360
10688940339
114202962
319489
269608
10597928622
10402408759
245306400
179874863
1656552970
63016
114217022
159713298
159705388
1591341848
208783
10233080919
10233217122
10492229824
208290958
11595466438
2787677205
274265
10145527029
151932
44898962
11263980104
169001
140539360
11259
140756925
9990151591
133701
355635
333717
34755
34277
54318
11766225153
106992417
169681262
11263967505
106886147
110542713
10901943790
10055154876
9946364900
178608225
63846267
831537
772953476
12127211314
140619617
63873664
63856326
63841974
333243
338838
283847570
154361113
104089481
356354
327840
341946
11671922240
9660397499
179885
114227919
2304690370
126747177
5361360997
140397062
9892226351
140094293
9851949904
771317549
236195409
2707337564
106924594
178572402
7147061239
9981952861
140330783
154349437
66166042
2789378564
2090980168
178516488
114253825
150234538
9854556695
135546403
12301968655
947980818
9795655110
203774
124206504
363408
300163
146450
12162632996
12352013921
63929656
127162474
135542066
273545
133131
318258
212652
11958350676
114278739
114271028
10551579658
10648776528
12950543287
2090283843
183437117
10615746113
164737
12127210291
178496037
207269
706492
149305
214408
215380
606856
17475
13962
140670918
140542325
293644
85009900
114298966
168742934
213912
159555792
31330
140489206
63829667
244048
134358
83553
63829855
93766
138460
7147060647
2089132141
927
929
740
193225
3901
265851108
209650
127643807
53962411
72150308
2645
13321
243818643
243814830
127586278
122954885
316116
194503
140732104
114274353
232211
59423392
9886854330
9887667886
11265290166
140476111
10144908626
175222
10181225526
76575117
10619691193
10151982126
10498169864
10840809239
10376353103
63935528
217241358
10496759274
10500117637
183632196
63960229
63849632
154953327
10145501251
239044310
2787695163
63965470
10496121282
10495122446
114292291
5174645195
10662922138
91270
114276447
159717333
10430303280
105380
217351
10667406195
10258798775
82554
10239539585
120294685
166482
30517
188359670
188569890
11497939159
11246942164
9354532298
140737396
9888849405
91466551
63930578
184063
140758311
463299
10998662594
11308628296
9987709253
160346873
11628880605
11628658647
140628435
135110326
140408297
305482
155419107
10017675856
184258937
263193224
178507367
9985373678
277966363
11705746029
145675293
248052897
159600440
160593127
724608449
178459231
11667753525
222290585
140408341
363930
76881896
229114395
16570
332511
63849620
11735660667
11737063310
114201824
353125
10686625664
11312994002
11532845366
11075209507
1711
66201405
11485755891
10668557405
189490135
11274973300
70641619
63915674
67237
100623872
11487652044
114392519
145693587
178474800
154468505
243812860
11843255913
260379
140538857
343017
140523152
151469
227434
11841230110
75562162
116305897
263657
103416621
329930
250559
45857673
11916592188
777
135121347
63958851
348429
28375
11803108397
11794933999
114255205
10555836409
10432756262
63962211
11866579124
140624288
9695391218
270840478
10234576300
57626
192315840
289143
107303
238552
295339
244947
270160
269928
307428
185842
294316
134868
10314095679
139039
196877
124211925
123062149
458412
237782244
187254
22322
13151
847
45482
74644
216492
150855880
51529
12461
127792625
21892
114260216
140431691
2269833
140670137
3920
10574094833
176453
10845113164
50329038
63854822
5362156348
7147061245
238909127
241072088
140403142
10214152521
9913428400
168805499
10287031233
10685335875
49260025
304438
10867707208
155284175
10595363154
179257952
209081394
63923050
159840665
114274
270922341
10403036963
263200463
10556321902
10401299886
133521
461810
34378
10668289245
10236358785
154384502
140731277
168465996
63851937
8175604662
218095371
11633962625
11245139016
11308039727
178700665
132579
9856523231
63960362
184965723
9762790538
154323249
154330659
9727235963
11800566388
362956
9339463507
135598140
146610459
54336082
155069245
178467884
114930324
202971442
357829
118748700
323821
140525027
11905096174
135597763
135598188
106964178
16728
63915977
238813994
86540
78041
285799
327351
58647
58344
283560
115325
11531255253
11667993588
11660919718
11663682448
172943791
146610258
9759739786
146526529
9889462022
140553925
3129094771
1054932116
63825254
9859402988
10079631478
12351837835
2540352445
135599409
120002247
1934869748
247365
85284612
207289
173994046
253189550
215023424
214082704
178490134
169846436
159555636
159260168
10576501283
100630308
154351996
9757121953
8735825165
140590665
63850587
140736640
2564396285
2789403480
238743771
773075254
114284086
140439737
140440203
140436003
140539883
1234565833
9831190761
131149608
128173472
11955373951
178649423
9660075058
15902821660
10209996386
10212691066
16926779260
15664362145
15871978079
13586730031
16118415222
214775
227133714
258084
179629941
124211127
140609301
140504970
135540244
153720
100645643
12311837342
249439
150670734
9352034922
164627
163914
150667648
280213
26487
1452827914
71010390
251705
122374
114214262
354537
140480559
9916239782
23361
178696236
63840633
117802
144543
190674
154334519
10292092316
143600
42887
168745311
124261764
169636
2119
1520
63836989
205318
253189483
65018
127655512
127586440
124945
2338
1754
10871064618
127856492
103711
159126141
22298
179574306
130381
2090264802
119404693
63908350
74513
140346125
46239
80818
265418155
63890366
233419
114260780
263201899
263201912
232984
10526594527
140667958
209662
140681215
93171105
58200069
156465
294908
9924665488
274135
9947793599
140719738
178518408
10626427093
9912559243
245581267
243116457
10668760108
178642570
10141688736
10598296820
282538
178476128
178478486
10556065609
831093
255882880
10768908407
174540154
185133256
106883325
2788956242
10812538088
10689313021
345939
242750262
10144541770
6447535519
10670412072
10688317466
10237789985
140528921
140403292
43840
232238
363668
632861
135850765
180060
123585658
140513240
11697712727
135611763
168701412
63955026
135543097
140682445
150146885
178041451
146061813
154356603
11734593556
11413087069
68055
9787836237
227532095
86902
178470826
160555099
10049320255
169677559
178524420
9725174769
9987380821
88633
9978349223
140733158
243712512
253509593
107712531
348263
633035021
154445074
135191290
72043464
363777
96601504
11376996558
353389
159712883
159712682
76610
11667250053
58924
198171
355958
63845145
11700520046
11744362073
318621
11995484822
10570296892
10570949393
12203179212
10664362032
10571473684
10182931268
10765839506
10841929134
10208557724
10212422073
10353034666
285667336
224962
3045074671
16326746141
106887
7892817849
140425938
178569738
140505235
70247
197582
8109900
202846
2537833891
13529
267571
275517
203895894
249251
275479
140484376
178571292
168740121
169860
344351
178931
178538405
220386
311822
159718302
1657115717
192209506
316221
138483
87759
129887
96559834
94980
316184
7395166659
111152
144700
76075756
71666
260484
354520
85349544
247755
231103
210147
7891
2563
140429011
255205500
8990
3814
4823
159554166
481
255858
3471
206996
237490178
63893695
178456472
265675171
23337
140432256
312735
9917425693
9031021490
17495
140611533
10407150168
2537828916
10369764
10431836015
154356726
159445351
124612
10556322443
177981861
10151927539
10668126247
255206362
140474105
10320897661
44185
253323450
10848011803
10499608716
10259800492
319383
114401011
10151311204
183824822
10183786151
184351914
183170276
10496382869
10148702113
154322389
10181357218
10598253504
114288178
4824439005
10233936317
10213449833
278449
180035337
91068
263199489
10350008465
10546996736
10557537366
255206731
2788585424
140325928
10572530479
217849617
35123
10598196428
1656528179
54344841
113912
63824781
10822762256
10372886073
120271474
2554894795
305880
178514603
34681
95840
10376783978
281331
114314964
104354465
30069
273802
353378
2301939858
245622234
243819262
10431093723
10556789381
241477009
140479004
259839
140539451
140422383
11372987973
142906
92450860
140755653
619846
319455
11660480041
9986714944
6556936857
9858931469
9948703472
173001251
140755119
140755299
183193856
154348739
9851252387
168288990
338217
243186212
114016717
318203
892959121
315019
356654
217473934
140773257
62314
168914162
155311551
114315106
251356724
140755227
301611
154350221
106930294
217733422
150404012
159527446
771432110
11882398961
118727216
114399690
243816289
12248265636
332634
357588
11341480733
11140208395
150147706
123738285
124158231
168600479
11413946012
2304766111
2789504173
2236947952
189476
9855463470
6557461566
10018622407
114240052
7894178001
140315577
140698886
11136504380
135545346
124160366
9979078278
63832144
12351868521
10087137538
63837999
104361117
2462643509
127502793
140422115
140405301
2707625318
11313868162
178519218
9344318461
154483166
178465461
9985823257
2262278574
10117269085
1233114125
274820856
10737490032
10555856952
9858442017
9791356125
10767087070
10493374562
10428013585
10208231137
10457635209
15396750326
16581017050
16326818536
10211847729
15214825876
15214887835
13940770671
14456085231
118020
90390
112538
104117
151152630
63840334
114662993
114302592
178528994
361490
13445
178455331
316964
63832840
727873
164913486
270149
12131332360
140767989
219037
218731
141954391
215011750
164798518
140707516
112141
154333590
227106531
129858
215122
1246330728
2263790
254769
245736457
34061
183425
19874
253189810
89524
12832
63837911
10577078534
154333809
172883604
114297639
275666
255
3864
115843
22932
140427463
1247
2656
49785
8740
159458
771868965
6213053284
177241
140610165
772741604
114264806
114260696
6898343597
63890752
270920312
9347894265
229123299
178503338
135611186
135599155
327000
177934879
155207849
135596538
10262004320
227741261
168813709
72034528
178482607
278459128
173034759
270920894
278460109
154328244
114312387
6449585597
10319728467
10619628859
10572330996
114290652
98770
10152177871
356839
140435055
135545762
8449139770
9948520792
140664590
178483228
12085693099
724598552
243819587
140626244
154445547
882819828
168870920
154347588
11842792364
135608408
159711210
66494750
12173817857
75560551
63950586
63857568
63948946
773776929
466803
100511
304056
72480
63848029
342271
296638
328422
154474057
11453132895
11245497333
11238112332
196009
11559907258
619971
11106104921
11141244108
11416272087
10914911414
11559627101
11638247521
12351981026
124155702
124158035
295358
63826435
12493422701
88961786
63852331
114041554
334195
135969708
135969211
12352103884
232120
159544914
120218586
352243
114285628
114396595
114314095
165273197
12352030635
12351937617
63843954
308758
448190
12351781180
131358802
315798
337136
63850496
10882850371
347643
273254
160151374
310175
12177273138
212553
243192732
276331
355231
118766765
231394
58668543
199084
232014
12217704758
198305
203897
212256
10404922333
10598254562
114405294
15902822029
16926769118
16118435619
14456076547
12747115610
12950648166
16118427533
14307251758
15902806739
15396732869
15396770360
256730
16326746123
14912000087
13940839936
16118393622
6212923294
3127885875
186166
174456
12335138123
236642492
126459
220271
98067
103284714
216188
115521
63837683
169837682
233570
154537669
84586004
135622801
134463
257938730
64890
114293691
238182
110760483
164983683
114265820
12098123106
263105673
210396
78167
5666306750
63836088
254892
349167
214678906
98766
140703904
107026
311844
206203
349911
169930
209716
284459165
114304696
140362592
2786596728
354518
154334247
1389206985
63841278
127478321
135622273
63836702
112172
168693
252883
159552970
270075
71415
138684
46997
10577242734
140611857
96558664
114302022
136571
252045
195560
10569739427
28357
8256416
8747606022
63895140
10430250026
184488674
178499055
178498767
114290814
140432971
140617407
7147060880
169482384
178502780
10012822625
632672963
263202936
159532661
150590635
154635492
6218707542
10454002097
11117632383
10946043275
63973204
135599055
140532280
241002
140561588
140409040
140437470
204850152
80978337
355052
63857760
11802132538
882001288
154446275
168643281
256094046
140719900
154348516
320431
168708768
11788319416
106989661
173772658
11914988533
169407940
140731046
2787684669
9656575296
140680534
159702538
77571
9982781420
782726654
8177192856
12296756447
140556547
124160781
2091128273
124164467
106922542
140405363
6903171042
12351884429
140759019
2541695410
9764646214
146837330
140667891
140468469
140423131
12044645746
154542367
10079604744
154443796
140698718
270921759
81441559
270921611
9823037783
96577684
9853825650
154451171
1934338758
140329263
11838813624
178571286
168736359
483418280
10522838627
10716036486
12135812919
10212918410
156446
216992
15861615673
159242520
13754534477
14456123420
238115252
14912002672
1657094469
164568203
114672037
200017
126162
80789
8169866015
154393084
164774184
23631
140765025
164968462
23669
71173535
87397599
135613717
63841090
289611
158145
140764389
114292969
1308814877
120282609
63835440
63840770
8170253842
155538
243102
63828680
92521
178684083
255205739
140483667
7147059270
214140943
613892
135621925
7147059451
140497360
135526206
169796955
7396171966
111710
54770
42419
270923089
135616832
163397
253391
22584
248123
127490417
200239
3686
262674
103837
271550937
331013
238391672
330433
340464
209747554
11229388769
11066141117
160679897
678577432
462693
356165
11047095935
9794953166
140664827
7899415980
6556569077
178481513
10912836581
263198339
178507583
11344075549
155340291
13223
282379
356762
140747087
135602688
140744577
88838969
114293113
96564953
140527319
140720128
204203
7149226165
178486396
11671598733
140513382
11569939334
11663108085
169366113
12166408601
343758
160972048
318100
315763
140560380
154542913
159563338
178461166
140477727
126893695
208447883
334453
332152
9722790058
253764928
63854182
140559190
63846806
63848545
10884547858
146281242
178474432
11598072557
11598085624
140621009
11568556841
2648852404
140588056
11411613408
11445082610
9952805992
11798062340
264558455
140735379
10049516669
9727808227
178642545
168593664
11633552651
12209567951
140554219
140692449
140681900
140563862
159839852
9943788425
2304972317
140408285
114257203
274286904
12352017414
126868221
1935618433
168592797
178497861
168737003
195876198
10427360436
10212808714
10212237306
10284924415
10406192324
10206570885
15861642610
85470
197936
99072
19217
113596
135614222
135523050
214870444
122494
54925
165202832
330868
354944
8895711777
114211531
108283
2088608283
63832090
256898
28902
76022725
114299086
262939848
12205279130
187028
58462976
203261609
114825393
10292488480
135523036
63836817
93388
178527023
169108
317547
135612525
243817853
140480476
140484039
135613000
7147059779
181078
140426527
140481148
114212690
59418
220488
4505
5541
9611
124129737
204806
730
140707024
2791
9748
237491631
22336
130503
184390728
124649
159251303
150852359
216467
1656970066
52836
97326
124207948
307389
9688199066
4016
56517
73181
140404555
63913088
198829
96565083
114258079
135598043
136196
9884674020
11489899687
228365558
7149234417
178752253
6556508352
140538563
5361373193
45772651
178643335
63849869
11697280066
140626250
10084232432
140532222
140474955
140404640
81779
9886978372
7147060944
305654
72029
11567571845
243817068
270920543
11562798263
11559622203
720459
9951394601
217724231
238954718
178477147
229136127
288454927
12351934092
116245350
1455150263
263203202
179969619
9345188641
12493443579
12126033772
241520206
12351766481
114306933
1656293479
140539775
2541293793
4819855950
12351740864
243818981
140562006
9977593023
9984298029
140557573
1935201319
140536559
165823
76988
114399004
114316411
115330473
140593095
264281
96578707
282983
114237612
114217647
268769
114197853
63867815
12405783024
12351981644
63860171
137547
122968735
8415503
114219717
12092065647
175245
63849674
11798655338
127550102
178512589
259816
11874078260
10570199429
10716016369
10177656793
154532248
884486577
64509
181115
262122
12290034667
244311
91797
104189
123098711
12097736489
4817321198
65733
140548981
54015029
164861155
76230459
12308078361
126887941
255205162
214079462
140542163
150416
270210728
195179
348822
223356529
63828320
122895
230264
10103
63883146
164848872
274108
58540771
134559
164564168
201795
84199
168578
169138
163281
178548408
435495
196199
61753
120118
1657077236
10576951914
135026
114300760
558603200
88828
237919
202466
221217
184494202
205364
3426
280
4947
448
183303135
45386
80764
135806
335414
103085
9918195113
119203429
192795
63893167
159632
23243
330408
22984
102251
73801
183281637
1321
123155191
79242
127844057
178516848
63852500
140620739
9723934059
140721748
11233303235
140750790
9823396877
140587587
11106515736
263198228
2090981788
10905887911
120351875
152233
11912638
96570096
140719756
63971025
81283806
346397
226929
114662999
9985830831
11705606896
11626276468
169293209
150049881
10112311705
8173552105
127490948
10943700528
150591694
11374472899
140752208
114292309
140721124
2787885483
140758335
184053930
11735818799
140703310
161024761
140756931
6129916
159599978
173863336
122725769
256254235
11952972850
218467
63945
245220
2271881
48623
310938
358007
362632
90753
63963601
11526117980
11521210531
63941133
140564661
11497464722
11525973255
11499062477
164081452
11342284641
11380398446
2788868464
356130
12351840845
63833806
63825086
223473
114271064
251048
135545617
277431
114240876
212389
294845
135525845
7147060360
76534662
10551405003
178492973
279554
140433442
263200863
10205719776
10648727838
10648433474
13940887540
206486
10405066480
10596772943
262000961
884514193
186822
135619894
12335122101
340207
178456295
174267121
215756048
140550685
154397353
186811
140428890
140763639
134904
12171685995
126724
621375840
10476
134873
13485
168577583
561953061
987657
63831363
274397
219440
140546905
274996
114298107
159724909
140542888
111213
178571058
53970231
10410
63905410
135113
65280
99678
143824
87412908
987759
87571
172209
184392342
99459311
676
73730
5078
1666554455
6679568953
335939
173975341
1656895232
10519919179
359065
123459806
119213266
243818489
178499097
4050
53771566
222576
253071640
10113673785
9783486599
10902050867
5073
10906153316
1109425005
208438937
63947879
124153515
255206918
118907250
11239348041
11179327426
77061770
10233999146
169168810
178502132
10867318403
168996390
114400663
10670043008
10120269068
59422593
227741212
198769577
62981
10182133680
10152834060
80899190
170974
290675
126643837
10667995032
218153
1000936428
1233538002
1233537540
10182649424
191065836
10405709162
10430760679
156299
130970270
154444353
10261365850
222528217
297358
222321273
10851450130
173395855
263200536
222150465
1656464916
130964058
10574175881
119212
160744443
8076549
140729554
274286
140727060
357480
10856
260345
140627464
11401
20850
310705
6210911029
11461952195
11339
11199031327
11754082342
290527
140758161
11346623976
178634380
155214885
173890123
11488521502
140699086
154327202
227727233
9986308274
140397736
154324696
178469391
11700919508
231229189
159713156
7900539121
25867
3290444369
357458
140539763
184418
185064059
169348920
160976016
338228
12100594669
11003564496
12099678780
342699
25580
12218422356
8448376255
12056497614
189382
451470
292702
128609
63975305
443693
295640
212724
283373
66054093
63858319
63854448
63790298
71541114
127240434
290546
12397300742
71525466
8385219
299258
63857063
325122
347471
12351934397
12352017651
12430436100
151889
132624
114255847
10178186316
10555347242
63844643
63848594
10554981105
280968
16581016386
15664353716
15396745695
177805
140614209
16326774584
13586750525
140548891
321894
169868114
254100
63899569
227269126
154531226
63831551
2257220
8743380140
135535989
178542114
165193579
354718
76230441
135524416
12128456367
237777549
354273
141809436
140615061
28090
120103
280058
104096
274778
140609439
168018
63838165
159840743
230744
12137406509
12254898820
9350804920
38565
10516
131196
439455
321521
138436
149811
174332999
206534
63836695
140484688
95765319
111435
63829552
141275
93882
8169645186
153411
167657
154343136
121004
106963170
150978
114264860
3155
181948
262344
52676
123185695
8256536
130776
205489
204893
9689809851
1590718191
78550
11169996957
27299
11210869959
312031
63853803
140574484
154327729
1232909279
185064644
11528594883
63910895
69811630
289167489
10940770213
274155
254167758
140540146
10179384683
174627599
10937478843
10347526778
179042762
264805071
217747
10143588562
227449353
263199409
263198435
10235636321
124203801
96641587
10495396689
243819456
119668
34795
11792629374
282215
76609
288919767
314923
140527259
10120170374
10870532402
178466170
245640388
111911478
10497580807
156315
12024
10592686989
155404079
155403894
89269754
154365219
265275444
165838
221930
166728
263200653
63849844
140758629
92020410
25603
11099
140575456
10046076293
9849137587
154357471
135545653
11304016332
140584438
154493920
140541875
168872208
140759013
10019900446
140469475
11374353994
169382098
204770967
269276
8173405754
283225
10021240300
63855553
184376517
318326
253190600
245327367
12060978130
452949
719218
248055583
80930302
11633629941
63939752
49543
290270852
11563457403
11663712543
11664958663
311022
10852533395
10523347737
11566843553
102337
140733572
140455781
11564746691
11081104091
11445978600
140665927
10822758639
11637214568
242765472
332710
109288
9341256283
11914436879
12335135753
5363081147
9974918002
114216212
2462402721
168993756
274445388
2540397125
9951311718
7892539323
9788796701
9783197222
178507511
140758713
154535436
124156547
10083184410
9976253684
168463602
11842251924
168402286
75724625
12045276431
131555544
17248
168890557
114254533
9667800485
9989414481
131585301
1935501813
12252610344
12351816223
632675017
136414371
189195714
159540048
132225695
12351804069
127372778
92176924
127358161
2554052216
237070679
96599736
145965387
140715850
106926402
275183
10523471161
10151055909
10570107014
10555047118
10551425559
10597553832
14658
159717151
9915076929
9031462670
85794
286095277
140707036
349160
140608944
1952601208
135621673
140770719
1231985299
225652
84521
140671222
135536827
249540
28564
63841247
60696
345158
6899428862
119296603
255204944
255205626
252704
731311
195600586
60016
83078
69220
255205484
59293
106908844
5066
1493
103897
334925
29363
3758
7458
6265
918
336186
154332513
18075
154353417
4097
243818419
8076573
9945644271
11170501851
263199359
154328116
11064549129
357885
272943
10573455711
154365942
183170325
10141162370
154349352
169262536
236695867
10552099796
63930384
154323293
263514835
105273
263193804
85700
10823823889
1655302145
39774
179450747
10668779425
152441
10350502268
10786501276
221279811
243816994
178522338
221338100
245184476
10209658596
63823584
172985430
184832086
138117
118772968
54305
10454168115
236209826
243815142
270920459
110370
161355
63799
221362283
245613951
10733697841
10495918282
197434918
140792682
90619
10209638732
10184197060
10407068270
63849452
114143
39325
10821365180
129107
10640046727
132492
10757324364
2787707938
10764166354
43749
10416214
273843
68359
164321
263199338
43516
1234832016
140514013
10822759471
11736047724
154351795
154329395
318866
10976137273
9796078934
140732824
11791434499
9981253153
183190443
140755827
154346828
140574754
11417113612
11632608429
165563
11697261546
154447772
255207773
356291
63874706
276740133
63826939
140562658
114391243
328966
12125255715
63871535
228963066
9980904845
270921748
12351780888
124181356
154482134
11319800382
12351943318
12301998028
9952436558
272835
12297384830
8451924089
12055058497
12248217228
12322483959
9797371225
5794351840
270920488
12352029757
12212044147
12335115673
114318785
140759583
12247802215
198603
12317448082
9035292460
227863
310546
49259888
315559
278632
12488944125
12335123045
277978
63929035
106911583
24454
10263940538
10185442206
10623730700
10640642233
10492868712
10842246606
10352345844
10555002299
10234416368
107739
10212075622
12051700217
10642659086
154364977
15214820605
10206575050
280372
6216384886
12135779886
78623
111707
127712066
772133372
12335123586
4817604514
12165907071
149076
247282
126182
126283
12335117679
3043662526
17945
154398959
195887354
181506
18920
135539176
297634
270922993
140670912
271031
148034
8130
13403
13411
140428023
216985
26696
21803
125194
7450
7433
273215915
182101
10686737525
773066806
9820
2628
2677
2613
2625
140525963
154460072
9891155935
259550
114284644
250974
104811
10181211408
10592279933
159718257
260294
63938173
10233184088
114217779
885123887
10820236016
100313
10668773634
10433779188
634581
615881
10141691767
154347025
10430303598
10430303661
10146018075
67307
10400823061
183194224
10318673491
10663956883
9981356574
10904615237
146842220
177823962
140608267
10118170237
11450508294
9762141222
11485849547
222464
142083
10055929110
119861982
9820228439
168122724
11278717335
140556475
270921745
622750292
243819203
12044646511
154329050
154633527
140541377
253190745
12162154737
263203920
92191959
12132702515
11955675122
10842564056
11524963700
11629533571
11380392652
140627853
154362207
140569515
11341357277
11139074410
11146091222
11210767098
26854
773534290
12351936494
11385350635
14081941
255339
12352026205
230884
302011
124039489
170815
59222866
108151009
222992
175650
140574559
281743
222944
346453
10497296404
1655143649
11803203380
12125256829
10343152752
10555174417
10569994274
14307228981
13078856526
12171714429
12348400331
12293491616
9044347721
246356540
132146
266355055
12162762501
111482
243832
15046
705628
63833573
133836
140712820
183962701
174281
512517915
621509336
2090477113
7636
3744
212
124142510
263201871
1827
252134
243814373
669437
358740
159248
200381
153929
114263162
140424194
79168
151004061
10553231310
10665700223
310610
10935589065
149955796
124201240
154446351
123533202
17753
114219579
296490
62722
10291737889
10211184339
292117
10234825377
695568
16704
10141523173
217255900
30059
243816865
10645553575
10181191336
209081362
10258630003
10149843639
294938
10822457927
319496
73353
217480158
159694534
10666175497
10237045686
10554246150
72003867
178469743
11498757942
7896325672
154467428
6901891418
254859
9819272245
168917007
270920172
140575981
63844795
11672574686
114391074
159568425
10118969424
342625
660358
33209
12165912820
11905848301
11916972142
346573
304940
346254
77473
81273982
184856
63823841
301361
63935340
136926
132322
63846672
166701
11670522452
12064
114308275
11918933297
11571029249
9822498345
7630811832
5667363754
1655659892
9951719581
7147060930
9955297187
12133400586
12351978041
12176610312
135057906
12351750013
7030507649
89278289
1655661655
126891385
12351755962
9830586315
12296308883
168390412
12059750995
10601501096
135285538
11990169181
10284700562
13797000769
13940754883
12763291625
12775247841
10284736596
13078830995
12950634644
13941089266
14053434797
63906311
135596376
179629994
12351849858
12335114607
12351854864
321963
150570
157509
92527
110744783
111116
183576
144867
138676
169793711
82925
117776
76195520
134607
181326
4143
4088
130624
3229
4918
181973
6724
3970
78571
224
3041
125475
4942
114047
103
8110002
180873
10596470094
154457756
10972771194
154005
114310936
155403875
11139375676
100633
140567024
154374462
154357058
253507024
63857901
10601126050
63868338
10261205129
10431454491
10870712679
10453775388
10211167584
10664368879
263195154
197398518
10143497273
106930780
140570969
10528289886
10553470317
10647620941
10500081628
242750370
241469626
119290
465399
11231837285
10180116275
11345066548
8164673366
63869762
245582341
183071141
155064099
6218345105
11630696640
11598085396
9046681781
160234895
174612894
43369
7900079892
127018674
114217563
9983530897
115330482
12094707086
140755599
114307928
310714
140566680
299982
140476425
264206328
11378590533
243816875
160226858
351379
332491
11912551025
197562629
75622212
91312
333150
231496
11638046514
354
126339
10237793982
10315705023
10554461603
10403673456
10291146950
10120904094
10315761162
15664342490
12782196241
10264025317
15861585403
10492537420
14307258453
13754526307
13078852042
136069
150796386
243814151
118231
704376
229625
249459
140711140
704648
154401119
169781200
214085860
349907
215046871
154399877
435980
270805049
10577089944
258383
88075361
140430180
293468
263201394
177940
36076
12209112974
124212237
197153
771869335
246157782
354100
159551338
111000857
135535577
115411
154334898
253429
345438
9352222965
705151
121555
255205393
63887192
3043384734
358986
140484964
186226
65516
253819
316656
172736
253189491
195589
85349561
135532891
144044
15123
5364850107
127954678
460
312128
5509
4078
2715
559
3472
135598550
102435
17235
153705
1364
3479
3820
2679
9985
108700
164790
140609385
80872
52228
183102
707
46114
105369
46075
10526456610
10572460863
10619360221
10593727668
10593737331
10821777417
10848305740
118893456
178006011
184038419
72773
10149015011
10120856710
133271
63925654
6525226481
10521016256
10868695675
178484698
154325683
101261
185213626
264911832
173968826
245347836
156539
259538
10851091513
10258203770
10492354977
140522337
10372828376
1454819597
10624123882
1233510404
179948620
154325722
116322315
10669641223
724647870
2648867602
10377295791
10142883015
303923
116308673
96199
169603642
10784191675
10319816470
10120443241
217252747
63948163
283293
10812190456
7145968368
10852494769
341969
10850801803
92616196
355858
236156
154444285
11633253070
76845992
5361083120
734662
11570485652
11633545480
154360621
63938675
140621760
336834
300307
155042060
329364
217825764
178478096
252208945
11870451649
11950144544
253719966
346893
8174542023
140751018
96599253
96597805
11837921483
11803191638
255394003
154572790
150591104
5986481
68697
314386
310067
12055865101
12173670711
11347250255
6556612710
287010185
11211587853
12351912282
11140089287
54236271
2304769941
12400328827
8454824845
184964280
9855753569
9658776868
140585373
12335090661
168707119
2733905295
12335229065
9760645608
12322617107
1655299552
10054231867
12332925097
106989469
2462445792
140756811
12290007794
126921
300690
12134387623
11874123294
12135284647
1236569679
10341683762
10640517517
10570945519
10640086308
10647767737
10596831720
10640615939
16326798953
14912006224
15214883969
13078888951
13078794777
15396742949
12950626520
16581031376
13940779765
14456072235
13078863609
14307250414
14456089885
12655700407
15861587537
13796965235
289226
14456099397
12950606206
280586
140483470
63840147
321393
59315
705372
253860
252301
93211
7412742820
316561
135525963
63909202
140426270
229961
60475
111588
154401923
214032
245967050
2787086431
88768
178489540
253597
216265
225770
255108211
9353024292
169374
168792797
96563134
18793
247355
140492853
126915
9351855591
8177602347
98782
22929
8905
3858
3916
4280
4272
130591
153583
154339676
155673234
160239
140427526
8213
3782
73899
16581105861
114364473
7634677674
11002698511
10493655735
218075822
7145182166
116400201
10594379774
10640078657
10494889588
263195551
263203062
227741203
623007777
2788359874
100870
10601210188
209400592
10497761380
254116137
86761
10121276634
140599796
96564759
10496282674
236226
135598272
140530775
63925181
124080005
8176073167
11380013660
140474625
140526335
183857276
276946750
243819799
724494827
124088398
96566268
11703672054
253913184
12179110623
140620073
355678
208083846
338869
343751
323531
124205001
159702028
168132111
740800
221688
243819819
147538
245474833
35473
147207
245473114
63534
91030
10549749597
11144093118
296630
63914194
35044
308512
354985
11114374933
10669190106
9859044969
11245070866
154362645
1234328465
154352117
11316731232
11243105534
11116757410
11415314695
160226360
127260114
114255739
355271
63975248
364083
363175
76351318
271614
12430912142
12351961180
63826413
118776678
11793904588
114199329
96566779
96600906
63850750
179347
221809
281714
12351938435
300169
63426
12252379907
12135719753
12351986951
282766
12351958265
189665
155823
249954
12351917967
269204
170836
137486
12352027648
355245
152254
12352030671
12352027936
178569030
226295
147573
12292009449
147628
154444253
114395379
10377631031
10575936352
16118421788
13078886085
15861611141
12873899805
12829124491
13797028747
15214882757
15214843583
15861622229
14650133860
14650102843
13586729856
15861612914
14456094809
12829124795
12747069273
13797009710
15396767751
12950623455
15214875401
15861618506
16326773620
13940768172
15664338435
14650138315
14861080127
13711093168
15396719028
12950621931
16118454757
13388591335
14456081269
15396767340
16118415335
15396718163
13078864181
30806
340326
14456117331
13041389933
13586750660
182450
289227
114261968
12174364378
12215105100
12335121732
6791233252
127635687
223543
12132010630
26946
223354148
233553
168567074
10576846750
15379
140765097
3929291090
75669383
76231006
126888163
140486508
126469
135250
140426361
140763855
12173691201
8166443731
12209534547
10314407754
107913
154399745
202002
178489492
131841
31486
260703
203888766
275604
253189958
145972
207132
117917
3128363989
154337317
95027
705814
270940778
11
8169762890
35755
64386
147849
17173
96558695
95625873
238300649
308213
63890544
2537505652
124314059
97961
184489817
270955211
639909
263194050
11314879174
11063584221
10598254388
10319045235
110386
9885503294
263203118
146288809
263195365
11912
100390
189102
140566920
140571643
63827810
197313
63900413
168294013
168122413
63920200
277707186
140474249
11594968417
63846316
114311126
243816111
154369533
243816265
11828198414
140617341
270920542
140771829
145780144
246065
146359086
12351909974
12398236364
5794268464
1655860940
1455348213
9949473310
178465689
11943473762
126892291
12351821388
103437944
12335092893
274043612
6558368300
12351879927
12351842451
724438278
7633731974
140758575
12325951597
12352027233
10075774069
881580752
154499744
12325582792
11991864306
63910873
188480088
234276
124151175
236182090
122655026
9792697690
106988947
12352031873
12162605245
12254931959
12352031861
9983186734
12352031518
12212207678
9949745166
154481466
242519
168701057
140755029
112493312
127348165
26833
135617721
72050377
120293806
226251
159717684
109129
109001
11795875377
10574975356
63907081
10622100295
140483194
12174323210
12950605121
10151527366
114663286
99525
63882821
7150029873
106813
340963
220814
134256
154333968
706622
140760717
185976
140610596
70172
12295449394
169514
17262
10577225863
154418750
12789
17079
140547997
141356591
88170
159835944
66527
96559980
178528316
1312964025
182781
705592
63833462
9827236533
18213
202318
254183
159965
228101
211516
4816210
261960535
253189991
13618
23088
63889497
251420
238164338
272530074
136474
3065
140424782
1591431779
11106511065
10905011332
11038979885
315080
4301658
140473536
168696795
123876
254166163
356395
127668
124154841
63856074
127103015
140554897
127494977
11592574608
216990
355847
270921248
140528675
323449
173972020
168132014
154352253
291422
154513700
169355837
168254042
168525061
11317995818
63968118
63940144
75299422
319533
131218776
146207824
10867023582
11561239656
11765822938
140625524
11245527971
11245125656
140478705
9728516325
12352026072
12352025587
140438242
12351924017
12213508364
12351993247
10086217133
279057427
12325582773
9983783421
168597125
287654134
124154576
173588132
198555525
12335113109
112495316
12263582893
1654411215
5667370308
63884454
10186900691
63827884
772953855
10738837750
10404556127
10291538909
13388557431
10715954041
13388587290
154333128
12176587562
12950645847
261965
10513
12335124015
12335115625
114303999
302364
55026
6899145083
12263584564
174106
7147059558
706597
83601
12056496913
120729
154334549
133751
223225251
165046596
124104918
12592
263200916
243800
140770071
154477687
154473636
350179
340361
340369
7396152308
1453652884
269902
63833546
63834806
183564
195353
93006
624426897
140961
17060
36773
704482
140551171
140762829
107693
76229252
4423
706502
9141
235
4393
7658
10668774679
346
103875
12953
178404898
102
57
8811
3719
4388
69643
131037
263201259
239850
3803
3773
12722
249843
63844059
10780
122964043
35457
180853
232028
63845818
63861608
178479032
10044945613
235602677
11628658093
1235039384
159684403
140696959
1454801750
315331
11882352705
11233054143
310688
178571520
179873533
11310870617
11497843820
11413558595
2860
12351992331
12351939191
12351860925
12339325427
10116861929
288928637
343537
252212241
16900
140696470
2788843400
9948698492
263194988
236312
12351777603
140527181
6217694927
289526806
154326009
12351731199
12351978930
238882477
122742206
140625302
12335115156
12251590402
212703
343434
96566135
92287446
310837
140533067
140532995
140593791
114248332
227747
12352032196
305840
140569392
12351974882
151783
111917179
12351959379
119568
295090
132861
97092464
353221
12435587326
12352067870
126756956
63932170
63842002
171149
355174
259019
207938
12352104148
12087414583
12251594402
222862
12295174919
12258280517
350733
10596124935
10378775441
12141720516
13940840768
15861587689
10686428022
13797043437
12950575828
10352622541
10318012318
15664400405
14307230192
10432745815
12171860280
12265965699
126175
353713
22807
354778
9687708552
159788898
63840922
165210022
76508
214536904
6788491061
230110
63839735
165049689
251515
122526
298589
268150
271026
154364170
251718
279493
253549
258450
139599
215520100
134672
615573
124089593
85016246
140481970
265411
63905008
76280995
260622
114208489
140481127
17472
94077
349550
70878
135613474
154336557
153093
570
311602
8034
270
88
1000
9216
8746151866
263197194
80641
3740
238421423
151067974
96559465
127901481
140914
266712
125924
265906320
2090455576
265569339
12611
29274
1119585988
102324
127845038
168680598
181412
124800
124738
10497916328
11229165957
10111260767
10913926867
11456625960
10115900645
11200864455
11202706901
168686163
1800356994
10020005258
140524648
57120
159938866
140699740
63847192
7147060822
8738532442
168587022
11278469555
11602435207
9765036455
355237
11697512610
154513820
140419314
173585790
140624852
11660806890
11706573218
12048166051
290597
72977
124143
651614
110775
137346
232533
63940835
140536259
12351916112
35411
12351836413
11597235327
63827215
11462154878
11410122227
114932125
12352068141
10051070793
114249697
339047
316054
331838
127833
185195
232219
165549
114320989
273718
295619
213541
237099
12352017540
103847282
253189989
12219703669
63831634
10173546504
10823440245
10492923048
16581015327
10555515576
12600463480
10554319123
12763292975
17850
624154600
140759739
139075
178526040
354879
131745
303413
705487
140608360
127411
154474219
178695809
179368978
63830146
17363
98252
12320
699339
12301
119131748
148914
59724
59731
135129
75135
85090475
53761901
436185
154383921
92605
184377018
184501836
64760
60900
2846
1476
2765
626
3178
96560645
119394840
265299431
182461
102855
135620
136226
13361
159917
99411805
10552428327
4041
3888
3886
13258
22732
59257571
236547602
140755785
11005953962
11013910222
63851380
63854562
140436210
238882604
140409194
263193709
270920948
115177
114277575
10593744550
345622276
183620720
239032622
178479201
11238122377
10407561823
10500496038
253465950
263730789
10494817274
263199897
154482356
208074510
10574126882
10182924499
311353
1656134641
228365683
106928331
124077428
76685077
10667829450
114315583
10211089480
10763730222
126801843
10668780926
136852
140736504
10116355372
49384
11765324797
464756
140523281
7629375308
140537033
11414145027
11278808110
10045986982
7636771462
11167488188
11667988730
124159388
154509688
63849488
124157634
9853450906
168593202
155421589
10934927066
63844034
11763854910
140628255
188795798
12257928887
140561754
347058
317720
58867
334162
12210794768
338435
285661
241550
63944319
454435
250310
300598
127381034
114398856
72043483
107695
12352015713
12335116942
12257388419
255336
170142
114024420
10596309835
12133393014
170141
12062010376
63852410
16118443226
14650154069
16581020047
13586745231
16581035175
13388590802
188230
14912029759
15396736872
14456099863
14307263536
13335497465
267194
706632
140612151
98119
321927
316859
63907063
172909
135618729
136351
63833196
361699
704688
224392
133970
195590
252109
12101075213
173022
63905133
31483
22562
114207823
120592
255205493
621657271
13508
63829730
181547
138690
36975
157922
114208087
5378
17846
242226
126252
10399880000
614017
179630601
23171
9829265037
228463
7624
50455
3935
7623
176835
330207
187745
9446
3979
244636
338083
269403
8069
11345744611
11207627997
92458517
290505
7633751361
11202948972
10565885769
243817332
156048
10173486302
10811
10687497875
160574
10145701006
10644128425
160040049
110455
10618388742
10643794252
10556627226
72028
154364674
10347985507
10522443991
4865293
26217
10141718913
10147846238
10180157552
140759319
140720770
15600
16100
16812
461112
9949055727
464153
264750
159582368
9793867728
241985
287055050
154363746
154325760
140579350
163737233
9987478746
10113705529
11602188392
11114377540
6678627410
229012300
5995783706
184128950
137568458
11791681442
11707703752
9756502455
11735651052
160601943
11912550196
170084
11908053167
63938803
114249
154456570
11660806487
11598084864
54055
11453026565
11075398366
11272387798
11528448830
11173869518
11245067124
54041
11338202447
11244460963
11626829487
228172
11137816465
11444737060
11145895798
9988819097
11919134909
241513017
234867043
217243402
12123341593
124154910
106925664
10052107299
264716172
263195419
241067521
140722006
12335090990
9955184782
154361615
264189707
12247196893
12424139215
6210640206
9660200529
12351779230
12351786680
9667480930
114270452
9976737973
140479783
122568842
12322544331
16118444111
9881990509
12352032946
140621015
135611822
12335134654
263198196
9856541094
9955234215
243744226
63825976
12352032453
12352032345
155040036
321276
10453802291
1153
10209995049
10236682317
10455865524
10236681607
10547902727
10640968672
10648163825
10620421051
10640774005
10596730574
353894
225410
345475
231091
230839
10101
2851
305005
895282781
10430310552
95930784
17327
13567800592
16581076329
127843911
354350
108301497
63840279
255207098
268191
355283
12085693360
10209837687
38795
116457284
16581066799
13940951285
14456045936
15797973269
12873906493
12351978102
16118433452
16581069772
10113
7449
10107
13335488626
16581064735
16581065379
16581066703
16581076346
9890229337
10640290037
10454271120
16581031635
16581038416
16581076376
16581044818
10347060389
10639600899
184228852
10108
10148243227
278918452
35419
71305696
178847905
118769007
11600434844
16581042840
16326839752
13940938994
16581072945
16581070913
16326821486
354478
354756
138547
16581076296
1932
1281
230032
658554
290367
136913
16326746242
16581035682
16581017265
16581039004
18763
114268256
12763178616
16581037152
13940846092
46192
353778
230913
1234819346
12248243166
9756599139
16326840587
13797021356
35427
354310
321562
83121
10111
12950598568
10110
9339075563
13340987352
13388555534
10109
134019
49822
10114
4391
11920542044
10105
10764237858
238245995
10104
268104
11738727590
13616380461
15396731664
10177284389
16581076361
354441
16581034684
10106
35447
10118969618
16581040830
16581076416
6581
15664338450
15214891893
10402222960
2878
TEMPORARY_EXTID_158272
TEMPORARY_EXTID_158271
TEMPORARY_EXTID_158270
TEMPORARY_EXTID_158269
TEMPORARY_EXTID_158261
TEMPORARY_EXTID_158260
TEMPORARY_EXTID_158259
TEMPORARY_EXTID_158262
TEMPORARY_EXTID_158256
52433
138497
135598877
11866400264
280197
14251807680
11496386484
124208910
179874855
96564615
63897386
255163
12290768189
8169957942
11114220133
63846642
11593872128
18009
195475
322174
10649093898
3563
135595914
135906
280716
10597206013
146208486
140405725
10554838721
343639
773074784
140333009
228961919
178511961
11171140266
107691
10286984430
178493565
11841229521
135609265
140495419
63940728
6899077723
178571514
154343613
124213527
126887749
154341932
12174531235
159259951
135531531
140425950
135530528
168728050
3735615173
894995449
106886666
124200329
135522276
11802713022
126892249
140474564
11990170516
12352073080
11415881115
132945
177289
10499858990
304877
255048
160709
12782197592
66415
163200
11921741938
140620307
140752404
10687082272
93770
11995408956
140426496
163444
9977601782
140367291
12168984273
370758
61998
12219679732
9925002861
140552011
154492880
8166152245
183056844
95058
178568958
35255
10740550275
13078803776
13940837151
16326784288
15664406479
16326782669
13940836990
16326778052
12747104409
13711118679
13940836606
13711094417
15664406778
12747104241
14307255291
16326774257
16326753327
16118469069
16118469031
16118395253
16118458517
14053466019
13940986777
16326781754
16326786557
15664324105
15861635795
16118469084
15664323245
13940986792
15902821033
13940936591
16326778339
16326780120
16326767246
16326768278
15664406808
16326775786
16118457985
16118457765
16118467341
13391515646
16432737805
16326776874
13940896854
13940986702
13940836545
16326777116
16118457494
16326777073
16326773956
16326771337
13711095413
15871980549
16326782590
16099629203
16326799003
14912037714
16326801207
16581000587
16581018654
13711102303
13567800028
13941053240
13940839830
13709172105
13940986894
13940785541
13940826472
13940836667
14912078133
16326780830
12763255755
12763210497
13711087801
16326775091
12763307756
16326809967
15664406868
13711115988
16326785119
16326774374
16118457935
16118469187
16118443294
16326780529
16429128387
12763271155
14307300716
15861607172
15664406288
13940898846
13940986982
13940904221
14053465944
13711087867
16118457901
16326780048
13941056182
14650166097
13607057569
16326775803
16326780548
16326778767
12763250589
16118452186
13711086081
16326758325
16118468874
16326764525
15664406380
15861638541
15396790032
13940905112
13940804303
13940837764
12950601469
16326780572
16326777699
14053465811
16118425619
13796953271
13711118555
16326806300
13711097497
16118438910
16326778034
12763276232
15214886830
13711093250
14650142831
16326777262
16326771285
16118458035
13711117668
16326776374
16326779891
16118469308
16326780436
16326776563
16326780932
12763237460
13940836712
12749953247
12950621509
16326780280
14053465914
16326782174
16326771124
12763237418
13940810812
12747114320
12873897758
16326765357
15664406563
16326773759
16326772118
14912056122
14912028265
13711116003
13711137020
12950639002
16118469014
16326783119
16326771192
13940986965
13940904250
13711095272
16326775844
16326775713
16326776068
13940836892
15664406687
13711095351
16326770061
13940904874
13940836407
16118469338
13711118505
16326779712
16118457151
16326775656
16326774294
16326775170
16326773568
16326771006
16326772674
13940924080
16326771373
13711116034
15664363833
16326783954
13940836322
13940836232
16326779910
16326772748
16326772767
15664406823
13940995980
14307240056
16326783320
16326770192
16326772567
16326749588
16118393207
16118421162
16326766450
16118405093
16326766648
14307300882
16326777995
13711088626
16118457884
13388596188
16326786457
13711098317
15664406704
13711115972
12747109501
13940836787
16118468926
16326773867
16326777335
13711095336
12763237362
12747104297
13941070977
13711095204
16326774333
16326775364
16118413887
16326775151
16326774984
15861630275
15214854100
16326776658
12763263575
13078806552
12763259798
16118458002
13711118485
16326771437
16118416579
16326773473
15664323730
16326769359
16326777907
13940936441
13388561156
16326756696
16326778129
16326772490
15664334647
15664406272
16326776529
16326774759
16326772874
16326762254
16118468859
16118467432
16326774600
14053434586
16326778489
15861608599
16326775075
16326776226
16326776850
16326777032
16326776242
15861639837
13941056116
16581007717
436895
10430138520
354140
135543987
178122082
154516590
10688301726
2090630198
168702174
135595734
342107
10591525850
12352030343
12351903120
10293529227
10670659472
10732794605
11143210250
146110
11794935568
27403
11801973438
287571
148966
14307300822
294146
262287054
16118458298
16118457665
14912029992
13940771505
13586736978
13586717780
13940771303
13796996014
15736006970
15861574248
15396753343
15861629568
14912008253
13940796613
15861612929
13078820873
10102
16326747592
15214846751
12763169700
13754532802
16326780870
10212496668
10492604815
10492660197
1332
1334
1333
1303
1311
1307
66170406
312343
114134843
245557
10209638535
191984
211792
57294
622774768
285777455
460159
243815257
10431451150
1243709292
211280
190649
252289
293425
13940876024
233863
19602
13586726826
164738
10208611311
10151897076
16581037887
16326830776
10350144803
13796981528
10914912595
12829124865
13940818958
184489971
302479
302136
33928
9914159053
10208665479
243818183
186976
15902822137
184129641
204465554
12763290642
9656977693
10520376275
23481499710
23481341638
28209937167
28209923510
28209923280
28209790720
23479822114
28209773338
28209737580
23479218161
168589821
106903702
7892346118
11118313384
154489858
154589615
208624025
189053267
189485374
154855813
154856951
154848569
188963981
154851120
154854918
192338528
189053913
154855765
12409500027
154855728
154854830
188963904
154856445
154855283
154855831
154855847
154855866
154856359
192337088
189190303
154857121
196101213
154857088
154855749
154851713
12405187528
192338217
196560013
189190528
188952012
154846568
154854886
9917544639
416318
28207699270
58268069
140712
11908058462
12047232863
12055068513
12335216659
76910
7145451751
10430861584
155402349
114323266
10997724598
11171150381
11245395286
10791349976
12351974085
10767755375
255205690
6556403743
315385
11304576307
11244169418
11991370407
11706763450
11529374795
203742106
66773
114224170
12873897786
11881177840
114224080
10213021627
10792346040
13797049220
140678522
13941101077
12056480127
10379440259
13078789874
10146162319
124214295
7631271682
12171693388
12335083177
114209917
11005956314
10492996008
12351993811
245470996
106986709
11737574935
10738917270
15861636001
2089118203
12501474948
195280
11244795986
140322573
11350042735
11499043835
140534087
13797033973
11565074009
168570532
59652
54013
71773265
12130533740
2786826221
6217607261
114213080
262747119
140582561
10844660531
10526765343
16251091341
12090778777
11245377470
140531969
126893119
154448485
12207214060
12215052791
16926742975
11350037887
11950751040
114212270
106943186
164293025
106996774
140582365
11198322741
140663176
26846885985
13586714220
11346563274
10974700385
23478940703
135600704
15158119147
11039184933
7894465146
26845520176
26845517263
26845508832
26845506030
26845034813
23475039519
4127702
26845022792
4127700
23474936837
26844924608
26844923005
23473321394
26844898771
26844889706
26844830039
TEMPORARY_EXTID_158160
23474123665
23473800127
23472308864
TEMPORARY_EXTID_158138
TEMPORARY_EXTID_158130
TEMPORARY_EXTID_158128
TEMPORARY_EXTID_158131
TEMPORARY_EXTID_158124
13388579850
TEMPORARY_EXTID_158123
TEMPORARY_EXTID_158122
140831496
420208
26843638338
26843636218
26843630870
26843626124
26842875086
26842864622
132332677
10621080892
TEMPORARY_EXTID_158086
230970
23468598712
23489308425
164519
TEMPORARY_EXTID_158041
230009
10645815243
3563880478
154854932
10764252775
16985575483
16985390433
16985410911
16985354542
16998691963
16857515244
16952080750
16862576052
16868933080
16863003897
16815102972
16797837336
16825974281
16855512346
16833166406
16789901902
16710921738
16612302129
16537840077
16794502348
16369353573
16352360411
16538322632
16835992046
16604349757
16604142103
16587858146
16364721325
16353300034
16328287500
16341050732
16775795979
16373387984
16117661993
16197853945
16363577965
16152912984
16200919458
16117244878
16152400712
16258537061
16756621194
16757192208
16438067228
16517944140
16757080441
16759319280
16432544346
16489911702
16757245062
16536378948
16377915993
16267206999
16327800060
16300890325
16435623740
16432298406
16096910514
16266109604
16258850859
16266760719
16291581037
16096975848
15955317743
14768403429
15092910978
15105139421
16576596970
15104494047
16575834841
14677171883
14637575176
14640193091
15867626871
14335221300
15099036384
14643981611
14597892243
15812085776
14374090475
15707650271
15712118974
15806941097
15796617818
15698523074
15701721567
15792366973
15667826110
15709317660
15500867798
15392577277
15389976982
15344382771
15389995719
15386184946
15317033761
15276422682
14168899254
14138014027
14181182816
14041920067
14136454910
14130147307
14041167409
13937259442
13849128071
13799866685
13496904153
13536894424
15110162224
13260705076
13649996605
13331452564
13213474133
13120077731
11205250536
13120349764
13085586651
12917903677
12945556014
12871910698
12775935419
13008267853
12784957278
12784954651
12784977405
12740037738
12721995353
12742535263
12655884834
12739480628
12429507543
12477493577
12427295260
12426648988
12540654028
12780529609
12405702445
12405038173
12409584928
12409300705
12409345716
12351163870
12404149909
12409694607
12349656081
12409427169
12411981213
12350588001
12352198373
12405607464
12349575174
12409787559
12351721510
12253575272
12255434919
12352613414
12350671234
12399978513
12404896907
12311626675
12252405445
12352006359
12292465514
12314716697
12020978681
11944536205
12125102662
11918934545
11873937921
12020916831
140831146
11868382705
11843027407
11868360294
11866576510
11868372660
264976479
154324239
178509078
11865613187
140831558
11837176806
168561967
11795575485
10552002577
11795713738
11840476384
11380385783
11765901119
11767154886
11764403968
8168991
14482086365
11738340913
286085562
11665370122
11637085150
11603485868
11599476500
11629437293
11629938787
11596662232
11564759097
11531557669
11531997236
11495055825
11528907068
11529458328
140667239
11463856008
11490270235
159547574
11525590507
11450224997
11452570329
1936603986
2789340322
1935360258
288711916
1455332664
234871903
11281042636
11280689547
5669533578
5666591588
883523686
11267657334
10846426261
1000531239
678496312
136315935
168585794
135893120
168574618
11415473794
108322721
155359478
11413177125
8454770501
45153081
135893659
108322101
11420065918
150907525
140831084
11413584409
11407776576
11374633644
11407765196
11385163678
11374621526
168584911
11351311941
11354584622
11354591500
11351694213
11351490794
11347641379
11351046560
11352757982
11351436945
11353518953
11349941234
154356055
11343199198
11351105559
11351561172
11351266296
11351087829
11346954013
11342743749
11343211577
11348971244
11352242010
11342773243
11345381086
11349898343
11350006054
11343678248
11347427345
11346073391
108322874
8457945417
11343693039
8457464074
11341685414
221832629
11280861492
168573028
11281042859
11310519613
11309343434
11281042747
11281042804
11281042831
11281042510
11281042288
11281041650
11281042260
11281041877
11281042427
11281042343
11281042398
11281042609
11281041581
11281041623
11281041794
11274321246
11207406957
11276024022
11198327479
15277020109
11174231666
11176198258
11173868324
11033019432
11139961647
11167046902
11102823415
10793706414
140664919
10977324470
15046869425
11106343697
10977345120
154846885
10944289679
10939836124
11077164804
10938791934
10908412360
10905549782
10972982699
10434139343
6556604997
10939710667
10904593727
10904868748
140663034
10904401267
168573015
178472850
232352599
140665561
254164437
168585166
178473995
239110274
97126550
135893526
151006879
7628481670
154359232
237650277
140831584
178471330
140665981
10845146037
159546875
10850421323
5669382179
15494268570
140831163
10787100966
10793446106
168585263
5667316898
10788967290
178431285
131863120
208468792
10767102492
10764236123
10764235371
10764244787
10764248662
10764235509
10764249944
10764244793
10742112027
10735831186
782610750
5361345443
168573275
159714313
2541399854
232446934
2462677958
159547982
1656545592
6217357959
5669590668
5361769083
4107716528
2246585692
254673556
1455125583
8454776362
7634290349
1054178600
7898095977
221805033
140619267
209564945
159546699
140663156
140662906
168571605
203263440
140831365
197652872
168573463
159546959
168573190
168573340
168571767
154357552
140663557
140666483
140663403
140492277
140490583
135893806
59627681
173979144
10624834437
10625552385
135614683
150936499
10618453264
10622594089
45152241
150932680
150935068
150895425
135613309
168571955
10596113225
10578331310
168571890
150835710
10575609046
10616511764
10577652597
168573489
10577673676
10551916364
10553038674
140663999
10526397843
150835579
10456518363
10461070911
10454434083
10460250457
10454707072
10460321076
10454671364
10404914095
10405392519
10406964716
10376308326
10379200285
10374898569
10376743444
10398026256
10375459380
10352005029
10349315805
10374861880
10348724106
164088574
10341695460
10320562724
10287463056
10287451117
10263509944
10262062757
10213488720
10263480934
10238919804
10089853898
10214540664
10209997726
10238962202
170026331
10290429169
10118677565
10212783687
10237418114
10182951601
10182487052
10178538097
10051777981
10205864688
10205856179
140663189
10173382288
10120717332
10118543652
10080616031
10173771029
10118683471
10118726700
10118695387
10118689766
135615008
135613194
10118684538
10054107457
10118705873
10118649516
10118690965
10118674682
10118639835
10017499402
9988102477
10052431352
10052484580
10044617544
10024970567
10015042822
9988082371
9988130536
9988096787
9988099104
9988091011
9988085772
9988097935
9988093358
9988088301
9988080611
9988299589
9988086837
9988274347
9988294356
9988301222
9988347123
9988311988
9988308057
9988285354
9988262040
9988306286
9988288952
9988281365
9988235835
9988283789
9988280400
9988277470
9988280261
9988262053
9988063988
9988312189
9988307715
9988184833
9988301596
9988277028
9988173238
9988161671
9988193250
9984124018
9984095765
9984075030
9988244360
9986596497
9983901086
9983949059
9983878868
9984047374
9987994752
9982386306
9950911698
9983851797
9945689185
9954347624
9954500766
9983412025
9983455597
9988349621
9917923060
9830024180
9859829941
9827162349
9792148840
9792809154
9883290950
9756684036
9759488322
9726847511
9694987608
9685783794
9667657855
9689576154
9667642265
9344538956
9044587566
9044963239
9044489950
9044100713
9044670529
9044215611
9044476918
9044399906
9044410248
9044365064
9044371939
9337808272
9042592673
9044417167
9044464087
9044361395
9044347696
9041495991
8457942620
9044343429
8744507141
8457949170
8744781280
9036104596
8895767238
8457454153
8454802472
8177437376
8454747322
8456533089
8456097027
8454802328
8455017074
8456257518
8454741251
8456014650
8454564647
8456007516
8454533722
8455372186
8454606807
8456530006
8454452417
8455147323
8172903579
8176060516
7900836179
8454633084
8173979903
7898125848
7898137714
8176078775
8456377402
7898088585
7898130998
7898060240
7635566618
7898110851
7901470995
7898062905
7898120590
7898142225
7893276307
7636636633
7895568721
7898071149
7890123510
7898059280
7637056258
7629979600
7889625551
7634312007
7634310086
7889650746
7889612793
7634284188
7634308750
7634296371
7634305962
7634285719
7634279748
7634299066
7634294193
7633940626
7634294202
7633960808
7633941389
7631363331
7631397243
7633868724
7633942563
7633929888
7633934993
7633942130
7633924482
7631346848
7634892107
7631210258
7633921268
7633876896
7633883887
7633871257
7633280715
7631242559
7631331275
7631296418
7631289405
7628616401
7628582448
7628552156
7633874511
7628531254
7628614397
7628474768
7628554594
7628533788
7628543014
7628513053
7628612332
7628401183
7628421887
7628566661
7628519573
7438536795
7628506466
7149823604
7455909457
7628506492
7393539627
7628430722
7149634107
7393532685
7162870204
7150526495
7150401268
7162868609
7393622315
7149100868
6692956372
6788730902
7393582991
6556910196
6789204265
6556978777
6558379149
6556956599
6787624222
6556971965
6556981045
6556995087
6557000060
6556966656
6217990310
6449589987
6557067052
6218086739
6218082114
6218604709
6219388410
6218538728
6219427449
6211046211
6217990331
6217327671
6218075440
6213296298
6217316302
6218934464
6216495605
6217594921
6219411875
6218065649
6211152651
6217307119
6219094918
6216108875
6216002519
6211995528
6212893153
6212763754
6216853303
6011037567
5894998812
6011036036
6216233465
6010977985
6011019151
6011010599
6010988836
5995759363
5995826789
6011028477
6011027457
6011025034
5670067195
5995221997
6011022270
6010964532
6010957749
5667322964
5995062274
5995734870
5806127086
6011012743
5669684185
5668212415
5894972886
5669375837
5895006294
5669046270
5667135656
5894986670
5667197634
5669592782
5667315512
5669811953
5667384338
5669491038
5669608117
5669633682
5363974453
5669082154
5568561330
5568270792
5568551353
5666587724
5568263687
5666692237
5568226818
5621439066
154351064
159714835
5568860877
5617674654
5568886436
5364589320
5361977777
5268342814
5175544606
5361780537
5267924415
5364565074
5363711236
5363602171
5363621690
5363614852
5361728700
5362776231
5361274782
5363218594
4819242651
5363200233
4819745251
4819108537
4824363724
4824344155
4824323450
5361247238
5175027560
4820696303
4107864055
140831842
4817412248
3736665097
3971512517
4817072723
3736189582
4817031134
3929025244
3929289754
3738333281
3737988539
3738137955
3738226023
159563660
3738116809
3734630218
3129327850
3734415592
3129266414
3129107610
3129385999
3563769841
3734613640
3129478377
3735238451
3563664465
3734617968
3735238219
3735237930
160792566
3129584576
3128646628
3043760454
3128736598
3128969805
2788693305
2788940661
2789501757
3128638986
3128695554
3128734480
3128726107
3127071950
2788717292
135893694
2787859850
2789496354
3128584386
2788821352
2789919762
2789926572
2789926812
2789919581
2786871451
2786858237
2789356578
2789335361
2788531003
2787961829
2787205609
2707305839
2583601943
2541610733
2540885196
154359486
2789237557
2707319164
2787099316
2789245994
2542159199
2575437430
2707333471
2542101470
2722183313
2465386539
2541858819
2542105789
2537518194
2540247556
2540264088
2540056548
2540218923
2540056535
2304576743
2540191303
2305036318
2538027139
2091198490
2539969967
2304834721
140831109
2462401525
2091122897
2301780729
2089170598
2089174625
2088626979
2090275418
1950851492
1935720530
1936194957
1935649607
1935619734
1935651876
1936075108
1935630906
1935645982
1935578234
1935278664
1935570099
1936586925
1936611295
1800015493
1656973944
1685705975
178472778
178471453
1666587513
1655818652
8175126497
1656126772
1656451142
1656585586
1656424984
1666559325
1656433302
1656641063
1590716638
1454815287
1455168822
1454586263
1570087033
1591419324
1455126768
1454756865
1455501537
1454583127
1454522242
1455271664
1455553993
1452839664
1454022614
135613264
1452789146
1236800472
1454273786
1233252480
1453479527
1109948428
1234238742
1234787522
1267059805
1453235292
1109190793
1236733866
1110095367
1108825295
1233303234
1141044389
1109863551
1059251109
1175939334
1054042725
1108527720
1054178619
1107974635
1055072471
1109016930
1109013042
1108347458
1108687904
1109189305
1108387733
886371515
886417230
884634615
884645458
884625714
884638862
884636385
884624652
884639477
884637130
884480045
884485482
884451843
883912971
884550149
884552928
884619869
885509075
884598572
884617060
947963730
884620087
1000778678
883323971
1000949528
884559069
884605654
884551787
884619627
1000530377
1000748016
883322459
1000943316
1000760327
883329993
947845820
883657639
884620366
884490444
884484976
884486784
884479074
884489647
884480766
884549260
884476889
884483116
884481939
884482521
884476156
884452301
884475332
884449995
884450647
883915183
883911880
883901200
883686639
883862011
883859817
883874647
881109818
883871741
883872576
883876463
881111128
883134108
881610638
772975383
773092072
782649426
772981149
883877442
880835620
786447305
772888343
773077413
772628553
773101488
770928975
724429524
625218477
624705642
771405645
771733904
771783945
168584897
632651020
624438557
678493025
724617835
624414238
624288928
624288576
624117747
770817486
621907501
621747822
621042653
622707585
621947507
621664086
621665852
288711457
621672812
289568722
290263984
289581859
289163407
288673510
290296718
290279171
290266152
288165386
288631869
290274959
287876344
288403274
288663504
287983232
288484165
288633918
288259377
285770955
288425169
288415102
168573243
278157048
286008436
278192219
278490870
286479523
276943026
274068577
276957236
140831716
140831567
278482638
274072023
276940712
264716690
140831576
272408033
265529375
265565502
274176394
263490528
261910192
262126273
254162268
263467048
254016684
154359479
154358152
245756571
168574222
252654741
246101259
246850741
251366099
243066228
252401219
251768213
251760764
252405583
238718198
241078628
243094636
154846599
252818883
237397223
238545213
236024893
237400699
242514790
238258632
236072375
237183108
232439180
236045795
236729896
231150688
236088166
232381997
236931036
236167378
227728841
140663818
140831401
154357487
223522832
222976763
154854958
159547736
154355995
159547995
140492961
217396999
217269403
214096429
159546765
159547147
140489994
159546778
159546940
159546927
159547956
159547296
209565011
154356871
210712208
208468646
210350435
135893148
210504399
135893673
140831418
208468603
208468639
96655160
208468850
154357413
208468844
208468811
208468783
208468671
203978380
140831675
203275345
208468659
208468665
208468677
208468798
178472381
203255948
154846346
178472226
140662935
168585237
140831594
140831127
208468722
168585087
140663910
154356100
140666925
197645032
159714345
197649727
197665692
197894205
197653541
197645916
197785130
198043121
154855293
154855142
197588400
154857167
168585047
154359253
188840689
168585061
188795725
189712486
188797299
189710281
183431357
168585495
184572205
168585807
188801477
189712028
184399873
184391336
180047855
178472628
168585289
183056084
180078706
159547406
179226006
178512486
178512525
178512433
178473937
178473963
178473950
178473885
178473911
178473898
178473872
178473977
178473924
178473170
178473853
178473183
178473196
178473138
178473086
178473073
178473099
178473059
178472974
178472889
178472863
178472876
178472680
178472667
178472693
178472739
178472517
178472556
178472583
178472543
178472614
178472641
178472407
178472530
178472570
178472240
178472433
178472367
178472420
178472472
178472498
178472349
178472310
178472297
178472284
178472271
178472200
178472394
178472213
178472174
178472258
178471784
178471856
178471712
178471726
178471744
178471771
178471602
178471427
178471673
178471589
178471576
178471563
178471505
178471492
178471479
178471440
178471369
178471038
178471025
178471007
178471343
178430672
178471103
178430250
178430106
178429980
178431310
174901546
178431681
178431940
178432113
178431018
178430856
140666693
178108051
429435
174292482
178193991
140665995
169788863
169789330
159547503
172899426
140667186
140664199
168792138
168585030
140666273
140662920
140665206
168585302
140665186
168585412
168586401
168585451
168585574
168585315
168585930
168585438
168585373
168585360
168585341
168585386
168585399
168585250
168585211
168585179
168585002
168585074
168584879
168585127
168585153
168585197
168585224
168584866
168584853
168585140
168584606
168585016
168585100
168585276
168584950
168584619
168588053
168584989
168584963
168585114
168584924
168587094
168584814
168584593
168586639
168574592
168573421
168573436
168573405
168574123
168573450
168573392
168574110
168573476
168573261
168573230
168573111
168573093
168573301
168573125
168573151
168573203
168573353
168573327
168573080
168573041
168573216
168573177
168573379
168572866
168573002
168573164
168573067
168573054
168572808
168572698
168572013
168571968
168572040
168571981
168572027
168571877
168571559
168571845
168571903
168571942
168560937
168572730
168571929
168571916
165262315
168557829
168369266
168571864
168557249
168557332
168571819
168571806
168571780
168571736
168571696
165420703
164563492
168571722
168571709
168571683
168571793
168571670
168571572
159547419
168571657
168571832
168571618
168571644
168571591
159563870
154359355
96656337
96655698
163942571
160792553
160551676
140664972
159714652
159714733
159714767
159714891
159714898
159714905
159714359
159714726
159714884
159714797
159714804
159714858
159714867
159714875
159714274
159714749
159714783
159714790
159714844
159714667
159714675
159714709
159714718
159714758
159714263
159714282
159714660
159714701
159714032
159714419
159714522
159714605
159714383
159714412
159714567
159714536
159714627
159714634
159714329
159714405
159714291
159714298
159714305
159714352
159714367
159714397
159713841
159714374
159713807
159547600
159547652
159563779
159713649
159547393
159563758
159563856
159566820
159563625
159565898
106985344
159565704
159565250
159565319
159565355
159565460
159565496
159565531
159565635
159565670
159564492
159564112
159563947
159563989
159564052
159563807
159563905
159563919
159563933
159563958
159564024
159563828
159563842
159563849
159563835
159563751
159563639
159563702
159563716
159563723
159563765
159563800
159566330
159563611
159563618
159563667
159563681
159563688
159563772
159565565
159563604
159563632
159563674
159550692
159565284
159563590
159548315
159547691
159547710
159547723
159547969
159547639
159547678
159547477
159547587
159547613
159547283
159547516
159547555
159547626
159547665
159547134
159546914
159547327
159547354
159547367
159547380
159547529
159547542
159546726
14295766268
14295805354
14295837655
159547173
159547186
159547231
159547244
159547309
159547341
159547464
159547094
159547108
159547218
159547257
159546998
159547024
159547063
159547121
159546804
159546817
159546835
159546862
159546888
159546901
159546972
159546752
159546739
154856796
159546668
159546655
155449285
154358970
159546791
159546681
159546713
140664218
154856832
154856822
154856776
154856646
154856585
154856470
154856575
154856241
154855736
154855716
154855129
154854985
154855228
154855209
154855101
154855197
154855171
154854851
154855074
154855086
154854944
154855035
154855221
154854973
154855010
154855019
154854874
154854996
154854863
154854903
154854840
154854823
154854724
154851382
154851579
154851409
154851287
154851499
154851176
154851555
154851148
154851259
154851331
154851527
154851093
154851353
154851204
154850625
154852063
154851923
154851799
154851687
154851658
154851607
154851789
154851735
154851758
154851636
154851768
154849879
154849904
154846832
154846542
154848987
154846505
154846736
154846422
154846953
154846489
154846762
154846682
154846625
154846520
154846651
154846430
154846473
154846371
154846254
154846326
154848516
154847799
154847562
154848491
154858115
155272024
127654525
154857222
154857155
154857189
154857005
154857046
154857145
154856986
154857201
154856960
154856996
154857036
154857099
154857179
154857015
154857077
154589795
154590055
154589557
154590163
154358282
154359022
154359284
154359065
154359246
154359260
154359268
154359291
154359086
154359100
154358977
154359029
154358914
154359108
154359093
154359072
154359115
154359044
154359036
154359058
154359079
154358674
154358029
154358051
154357509
154357567
154357494
154357402
154357384
154357574
154357516
154357559
154357081
154357067
154357039
154357007
154356973
154356816
154356830
154356843
154356892
154356906
154356932
154356945
154356993
154357022
154357052
154356958
154356857
154356453
154356751
154356766
154356787
154356803
154359464
154356071
154359457
154359471
154356084
154356143
154359369
154359415
154359422
154359429
154359450
154359326
154359348
154359376
154359386
154359305
154351196
154359319
154351023
154351036
154351083
154359298
154349039
154351007
154351098
154356008
154356028
154355878
154355897
154355910
154355938
154355954
154355986
154355838
154355851
154355864
154355925
154355723
154355777
154355811
154355825
154355756
154355768
154355790
154355600
154355660
154355523
154355539
154355446
154355620
154355634
154355647
154355675
154355554
154355570
154355459
154355472
154355509
154355587
154343841
154355432
154355494
154337762
154322932
154322951
154322970
154322990
154326168
154326189
154326234
150973814
150973856
150973899
150973927
151002395
150973736
150934068
150973763
150932048
150934467
150970055
150973662
150835603
150867910
150931573
150933809
150933924
150907443
150907491
150935883
150973708
151042188
151171196
150928322
150929463
150930948
150835626
150869433
150907389
150879604
150882325
114409331
150835648
150870317
146776268
150907348
150835362
150835406
150835448
150835547
150835673
150835730
146776258
140664167
150797857
146772756
146772897
146827692
150835502
151054611
151124500
151124886
146843448
146776291
151007964
146827649
151042154
146700202
114406826
146593841
146774163
146776247
146603205
146827671
150472406
146776613
146781623
146781463
414061
5668353913
3129580134
3129574264
146776416
146776656
146781472
146776630
146776637
146776464
146776472
146776546
146776621
145289117
140665469
145415253
146776396
146776406
146298993
140832563
141631289
140663470
145286713
140832556
140832583
16870143285
140832525
140832540
140832470
140832164
140831737
140831958
140831659
140831919
140831605
140831480
140831850
140831436
140831296
140831775
140831747
140663929
140831236
140831766
140831613
140831137
140663597
140663713
140831666
140831691
140831698
140831708
140831726
140831756
140831789
140831621
140831628
140831635
140831642
140831651
140663418
140831513
140831522
140831536
140831447
140831454
140831473
140831487
140831504
140831544
140831551
140831357
140831384
140831393
140831465
140831409
140831425
140663020
140662892
140831325
140831334
140831350
140831220
140831262
140831278
140831287
140831304
140831342
140831100
140831228
140831244
140831270
140831316
140831118
140831153
140831190
140831209
140658448
140831091
140831174
140831252
140663872
135613213
140831071
140663962
140660306
140831062
6212001944
140659277
140663857
140663544
140663630
140663649
140662735
140663489
140663298
140663383
140663124
140662949
140662664
140658455
140663001
140662968
140662982
140662821
140662678
140662692
140661990
140661805
140661918
140658470
140667493
140667085
140667120
140661380
140667172
140667030
140666536
140666240
140666220
140666503
140667219
140667378
140667310
140666819
140666872
140667205
140666780
140666450
140666991
140665928
140665842
140665857
140665522
140665594
140665384
140665437
140665626
140664863
140665026
140664939
140665006
140664789
140664584
140660869
140661004
140664408
140664116
140664135
140664288
140664186
140664250
140664301
140664148
140493773
140517394
140496034
140664084
140664065
140664046
140491988
140493580
140492874
140402795
140403988
140492801
140493947
140492504
140492591
140490284
140498174
140502381
140491593
140491814
140492692
140490882
140491246
140491703
140491408
140492171
135893610
135893561
135893603
135893631
135893575
135893505
135893596
135893540
135893554
135893589
135893547
135893568
135893582
135893407
135893624
135893533
135893435
135893477
135893890
135893771
135893834
135893848
135893869
135893876
135893883
135893897
135893904
135893729
135893827
135893841
135893855
135893862
135893785
135893792
135893799
135893813
135893820
135893715
135893722
135893736
135893743
135893750
135893757
135893764
135893778
135893638
135893645
135893666
135893687
135893701
135893708
140313995
135615072
135614785
135892994
135614970
135615059
135614734
135614056
135893022
135614024
135614989
135615040
135614651
135614670
135614721
135614804
135614957
135614619
135614702
135614005
135614632
135893323
135893239
135893260
135893106
135893141
135893232
134788992
131107480
135594891
127655887
131146521
131344209
128177503
16957094532
135613277
135613181
135667120
135553431
135613231
135613296
135613162
135612283
127654769
127655369
127654472
127654441
127797010
127796988
127796972
127119585
127119685
127119631
127124960
127125002
126817211
124214527
124215030
127118260
127118676
127118112
127118192
124233122
122832452
124232926
115230642
114408206
124232896
114411900
114412061
114407666
114407898
114408017
114411340
114411627
114407751
114407673
114411039
114410885
114411333
114410955
114410976
114410850
114410647
114410640
114410808
114410185
114409849
114410528
114734626
111314020
114408591
114408927
107710520
114408654
108321503
114409198
108323013
108323110
106926896
692651
108321811
108322483
108322805
108322326
97211684
108322437
108319533
108322110
106739727
107011708
100153799
101048386
100153862
97126537
97127051
97210384
97210395
100153872
100558554
100759159
96669851
96669966
96658442
96669801
96669722
96669842
96669762
96658410
96669835
96658546
96658619
96655979
96655897
96656218
96656078
96655537
96655397
96655223
96655470
96655487
96655319
96655382
96655521
96655366
96671487
96655508
96655335
96655438
96655413
96655182
96655297
96655554
96655834
96655200
96655427
96655262
96655238
431821
96655277
66225207
66369942
69817513
65801806
80527398
65125604
65125647
65125488
65125504
65125173
65125071
65124970
65124610
65123650
65123657
65123483
65123564
65123808
60812465
65123343
65123531
58589200
48176793
49996789
53684655
45152286
45152214
45153297
45153067
45153057
44976193
14468197
14511242
11950586
11928678
11922336
11922045
11928543
11928496
12682821
11922429
11922164
11922415
11928524
11928517
11994558
11922038
11918389
11994579
12004568
431538
431525
431178
430444
5971734
430421
4825726
4855798
430038
431265
980545
980558
4863839
4298136
431120
431118
431636
431638
431599
431612
431109
431099
431234
431706
431249
431678
431238
431666
431190
431654
430950
431422
431437
431440
431433
431436
431414
430889
430877
431434
431408
431366
431378
431341
430749
431273
432021
432040
432008
431967
431878
432028
431912
431899
431862
431943
431816
431781
431767
431779
431763
431724
431768
429478
429473
431737
429468
429482
429433
429425
429600
429447
429579
429806
429450
429445
429599
429601
429588
429441
429434
429573
430020
429560
429915
429963
429949
429520
429517
429531
429898
429889
429532
429877
429489
429737
429868
429511
429509
429874
429856
429385
429384
429376
429370
429708
429705
429372
429711
429722
429410
429733
429704
429687
429703
429699
430428
429685
430537
429686
430685
430539
430402
430399
430495
430501
428065
428044
428373
428375
428367
430278
430242
430335
430269
430235
430166
430210
430237
430204
430160
430151
430129
429654
429663
429329
429643
429328
430074
429326
429625
429624
428212
428245
429611
429616
427911
427940
429325
429282
429318
429281
429253
429299
429287
429251
429319
429297
429292
429218
429234
429269
429209
429208
429233
429217
429207
429232
429216
429206
429239
429242
429215
429231
429205
429230
429214
429213
429238
429201
429229
429228
429203
429227
429212
429200
429199
429211
429237
429225
429202
429235
429236
429210
429193
429198
429190
429191
429195
429197
429185
429183
429192
429177
429182
429184
429194
429188
429189
429187
429175
429176
429178
429169
429180
429181
429167
429179
429172
429173
429174
429171
429168
429170
429164
429158
429159
429161
429166
429163
429165
429162
429151
429155
429154
429152
429153
429142
429146
429160
429156
429157
429147
429135
429136
429137
429138
429139
429150
429143
429144
429148
429149
429140
429127
429145
429141
429130
429118
429122
429124
429125
429126
429134
429129
429131
429132
429133
429128
429120
429123
429121
429116
429108
429112
429113
429119
429115
429117
429114
429107
429109
429110
429111
429100
429103
429104
429105
429106
429101
429099
429098
429097
429096
429102
429087
429089
429088
429090
429095
429094
429091
429092
429093
429086
429082
429084
429085
429083
429048
429051
429070
429050
429037
429038
429046
429040
429052
429042
429041
429039
429043
429031
429035
429034
429033
429032
429021
429044
429030
429029
429024
429025
429026
429022
429036
429023
429017
429008
429009
429013
429014
429016
429018
429019
429020
428997
429001
429005
429006
429015
429010
429011
429012
429007
428999
429000
429002
429003
428989
428994
428996
428998
428984
428985
428995
428990
428992
428993
428987
428981
428982
428988
428986
428983
428974
428975
428980
428978
428977
428965
428966
428967
428979
428973
428976
428970
428957
428958
428959
428962
428972
428968
428969
428971
428964
428951
428963
428953
428943
428949
428950
428956
428954
428955
428952
428941
428942
428944
428948
428946
428947
428945
428936
428934
428935
428931
428938
428928
428937
428920
428925
428932
428927
428930
428926
428911
428912
428917
428918
428924
428921
428922
428923
428919
428909
428906
428916
428910
428914
428908
428281
428287
428268
426959
428262
426927
427227
427229
426830
427218
426836
426834
427224
427191
427286
427284
427275
426763
426775
427175
427156
426712
427064
426731
427851
427889
427779
427713
427584
427394
427421
427393
427395
427402
427367
427359
426995
427349
15980511330
426114
425661
426972
425702
425651
425630
425952
425954
425966
425921
425930
425505
425882
425485
425469
425477
425468
425483
425843
425450
425443
425840
425445
425433
425815
426413
426427
426386
425405
426619
426596
426506
426465
426326
426325
426199
426296
426222
426306
426327
426234
426315
426177
426221
426200
426196
425773
425759
425727
424321
424701
424750
424773
424219
424694
424688
424689
424692
424666
424205
424171
424639
424632
424135
424608
424626
424043
424021
424468
424457
425319
425317
425295
425266
425302
425245
425158
425115
425101
424992
424937
424863
424394
422769
423323
423329
423231
423217
422555
423178
422444
422496
422477
423854
423826
423785
423752
423660
423595
423555
423604
423667
423476
423562
423419
423407
423402
422898
422870
421510
12622768957
421454
421438
421429
421451
422193
422201
422141
421565
420860
421957
421970
420471
420457
420437
420350
420732
420328
420691
421246
421245
421187
421097
420958
420989
421049
421025
420979
420523
420506
419362
419365
419274
419289
419258
419247
419242
419244
419245
419582
419493
419526
419919
419936
419778
418700
418689
419095
419120
418790
418886
418768
417635
418908
418734
417790
417500
417492
417784
417429
417970
417696
417951
416723
416690
416990
417109
416792
417103
416935
416593
416641
417236
417298
416398
417335
414445
417174
416187
416369
414417
415895
416156
416188
415917
416122
416517
415807
416508
415847
415822
416047
415817
416058
416565
416362
416412
416309
416271
416007
416025
415058
415354
415413
415119
415427
415754
415756
415324
415722
415648
415556
415477
415494
415482
414647
414616
414348
414577
414572
414304
414275
414305
414273
414502
414261
414992
414932
414873
414977
414893
414881
414833
414778
414784
413596
413589
414780
12627853295
413846
413569
413988
413766
413515
413746
413735
413720
413669
413668
413020
412741
412752
412725
413658
412895
412953
413306
413325
413320
413294
11948227936
16200886385
413174
412556
12531619665
412832
412338
412842
412577
412502
412293
412840
412580
412849
412561
412852
412851
412286
412364
412345
93024410
301379
6556643387
34099
10497611303
229891
230992
10598257712
13
654019001269
229743
229802
303021
301460
9987821145
11665460517
231013
229745
229837
229904
229987
247661

