37200225
21599633
33898393
34677024
30678002
37200225
21823141
12551276
33808320
32467327
4580585
10739891
37200225
11523948
35816177
26954148
26954193
26955804
26955283
26957201
26958305
26956497
26974803
26984490
26951854
26989389
33225919
33225950
33227591
33227590
33227588
27003609
27004079
27004659
27004662
33227360
33226023
33226020
33226028
33226440
33226647
33226648
33226689
33226831
27003784
27005066
27005247
27008161
33226458
27007291
27010458
27004369
27010741
27010764
33225867
27016112
33225696
26951912
26952171
26952181
26952248
26952342
26952426
26953439
26953515
26955597
26955678
26955742
26955751
27016918
27016963
27027521
27038515
27038525
27008274
27055042
27055069
27055110
27055135
27055149
27055178
27060929
27060941
27061071
27061383
33227016
33227357
27039152
27050940
27051059
27033770
27060541
27060851
27060906
27061099
27061211
27061309
27067732
33226621
27037379
27037422
27037500
27037521
27033319
27038506
27060859
33227758
33227797
33225362
33225783
27038894
27039002
27039148
27010411
27017231
27053608
27053631
27008379
27007047
27060691
27061060
26952623
26989713
27002841
27032120
27007541
27006956
27008059
26953203
26953242
26953244
26953285
26957937
26957095
26958047
26958302
26961004
26974490
26974496
26957954
26958027
26974744
26974422
26974531
26984070
26974691
26984255
26983893
26984470
26984570
33225039
33225009
27003603
27003857
27004165
27004632
27004876
27007977
27038194
27038318
27038365
27060548
27060674
27061199
27061312
27067023
26984763
26984322
26954066
26987130
26990063
26990963
33224290
27002365
27002407
27002466
27002443
27002493
27002526
27002588
27002605
27002779
33224493
33224505
27010365
27010518
27010614
27038587
27039124
27053506
27009947
27006957
27008845
27007748
27062800
27062814
33223825
33226009
27017168
27017204
27007990
27008179
33227096
33227697
33227705
33227703
27020469
27027535
27027553
27027563
27027569
27032623
33226560
33226580
33226597
26956674
26956344
26973719
27031878
27031886
27031966
27032621
26955895
26955950
26957273
26974533
26986278
26986316
26986399
26987174
26987165
26987911
26987504
26987685
26988560
26987701
26988651
26956187
26955592
26956030
26956313
26956302
26962988
26984665
26984646
26984564
26983930
26984291
26987863
27003863
27004285
27004495
27004681
27005002
27005168
27005176
27005279
27005389
27005496
27038835
27038906
27055151
27055304
27060771
27060783
33226005
33225985
33226030
33226131
33226279
33226346
33226435
26953587
26953776
26953979
27010569
27010643
27015740
27051052
27060708
27060830
27060837
27055229
27062791
27034024
27062936
27068140
27005985
27006162
27006191
27006193
27006239
27006319
27006363
27006372
27005979
27006108
27006242
27006649
27006948
27007302
27007355
27007308
27010670
33223667
27010817
27005075
27016037
33223764
26955299
26955747
26983900
26983950
26984227
26984237
26984477
26987509
26987670
27007327
33223664
33223666
33223792
33223791
27031930
27032458
27032476
27032559
27032598
27032624
27061176
27061357
27017066
27068167
27069021
27005573
27005719
27005727
27006906
27006938
27006959
27006987
27032570
27032574
27032692
27032696
27033130
27033349
27033623
26954347
26954991
26955798
26955839
26956175
26956186
26956350
26956466
26956331
26956377
26956450
26956717
26956741
26984276
26984632
26984729
26984187
26984894
26984277
26984956
26974718
26985145
26985894
26986324
26986327
26986421
26986431
26986460
26987153
27031873
27031896
27031903
27033721
27033839
27067025
27067039
27068918
27068984
27005806
27005893
27005891
27005869
27005931
27002971
27003390
27004588
27004618
27004869
27007370
26953941
26954071
27016148
27016299
27062891
27005642
27005792
27006183
27006202
27006198
27006273
27006345
27006591
26956571
26956611
26956730
26956862
26957258
26985007
26985453
26985509
26985770
27017263
27017478
27027805
27009721
26988864
26988866
26989345
26989398
27002825
27003832
27005028
27005206
27005366
27005425
27007830
27008038
26974425
26957566
26984776
26984735
26984073
27002290
27003939
27004805
27005023
27005180
27005400
27005451
27038544
27038560
27038638
27038645
27038671
27054023
27009908
27061431
27062471
27062756
27007876
27062798
27017154
27038113
27038319
27038335
27038342
27038683
27050408
26988546
26987919
26987931
26987663
26988807
26988851
26988024
26989172
26989189
26989403
26988711
26988166
26989427
26989627
26989640
26989698
26989981
26987733
26985848
26988753
27062468
27032706
27007239
33226486
33226524
33226518
26990866
33227175
33227268
27016066
27008813
27016454
27016218
27016293
27016311
27016318
27016330
27016319
27016858
33227257
33227345
33224075
33224372
27007848
27016347
27034495
26988037
26988476
26989315
26990094
26991643
27002321
27002356
27002705
27002821
27007358
33227165
27037182
27007114
27033885
26984259
26984708
26984723
26985120
26985125
26986466
26987988
26989008
26989032
26988603
26989457
26989486
26989521
26988654
27004235
27004243
27004294
27008698
27009948
27010387
27003235
27007846
27008082
27008126
27007369
27004082
27004569
27004571
27004817
27005089
27005104
33224587
33224658
33224667
33224653
27006595
27006692
27006859
27006866
27006999
27007053
27007105
27007135
27007155
27007169
33224203
27032031
27032127
27032140
27033239
26986376
26987031
26987814
26989404
26989414
26989594
26989580
26989690
26989696
26989767
26989872
26989875
26989339
26989425
26990358
26990453
27039099
27039134
27050979
27005972
27053578
27003370
27015927
27038294
27038357
27038377
27038513
27038516
27038957
27010426
27010462
27010484
27010562
27016007
27016014
27016042
27002964
27033656
27008073
27062855
27063248
27067777
27005632
27009718
27050473
27053759
27053766
27054989
27055049
27055139
27061114
27061367
27038568
27031904
33227604
33227679
27004368
27004625
27005254
27005313
27003222
27003324
27038103
27034074
27034076
27034091
27033999
27017387
33224421
33224553
33224551
33224556
27004291
27004552
27004611
27004615
27004886
27007885
26953551
27038709
33227686
33227691
33227280
33227290
33227339
33227323
33227583
33225938
33226002
27039116
26953974
26954537
26954550
26954627
33224352
27038076
27038314
27039011
27050827
27053760
27055165
27050424
27010695
27016103
27016216
27004109
27004178
27004475
27004756
27005114
27005126
27005430
27004936
33224738
33224803
33226964
33224580
33224660
33225876
26954312
26954589
26957542
26957903
26974558
26984784
26985623
26987699
26953221
26988886
27004275
27004293
27004647
27004883
27005068
27005102
27005174
27005280
27005364
27005469
27008092
27053746
27009393
27008591
27053963
27005990
27005987
27006055
27006261
33224105
33224139
33224506
33224496
27004038
27004782
27004972
27005107
27016285
26954987
26955682
26955805
26974464
26983966
26985479
26985503
26988017
26987697
26988679
27039045
27039046
27061391
27061402
27068175
27068254
27017072
27027529
27033913
27038154
27053591
27053865
27053874
27053964
27054019
27008524
27055060
27060685
27009450
27009710
27017071
27031887
27031977
27033862
27050487
27050561
27053826
27016810
26952387
26952481
26952490
26952504
26952565
26952604
26952714
27007851
27007880
27008034
27038682
27038722
27050593
27053586
27053594
27053938
27053976
27054678
27054923
27055085
27061183
27061306
27061441
27031940
27032060
33224719
33224789
33225059
33225133
27003991
27005385
27038995
27038998
27039019
27039270
27052649
27053552
27053782
27060677
33227739
33227764
33227784
27004735
27004878
27004944
27005399
27005195
27005426
27053882
27053883
27060565
27060854
27060861
27007610
27061233
27033730
27069061
27054943
27060669
27062476
27062909
27068091
27068104
27068253
33224446
33224480
33224533
33224672
27053941
27053999
27054044
27054975
27054986
27054933
27061051
27061053
27061106
27061110
27038104
27062829
27067687
27005880
27006356
27006693
27017138
27017158
27026506
27069080
33223622
33224120
33224568
33227066
33226306
33226364
27017068
27017171
27018734
27020405
27008215
27010515
27015904
27015938
27015935
27015976
33226979
26952357
26956449
27034037
27006334
27006367
33224532
33224602
33224693
33224869
33224878
27007842
27027539
26988704
26989117
26988715
26989870
26989012
27008725
27068831
27006071
27006065
27006128
27006140
27006146
27006197
27006285
27006310
27006360
27007003
27007006
27016904
27016947
27016949
27016967
27017015
27017037
27027803
27034411
27031889
27061040
27067786
27068922
27005812
27005852
27006051
27006164
27006195
27027568
17758027
17760186
17760682
17761754
18718269
18718281
18718282
18718300
13490513
17146018
17146119
25078671
10451587
10451605
10451609
10451619
10451670
10451774
25412105
25412147
25412157
25412200
25412202
20949523
13647763
13647871
22527643
22527933
10417370
10417652
9831615
9958724
25757489
4725389
12833764
12833931
12364277
12364281
12364308
12364314
12364324
12364331
12364342
10545710
10545767
10545809
10546016
10546145
10546554
10546970
10546989
4665300
12729796
10547927
23026516
23026701
10271821
25869612
25869643
25869753
11333093
21533516
17063111
14168997
20018090
20018244
11492125
11492130
11492136
11492178
11492239
11492270
11492273
11492277
11492296
11492304
16233309
11812624
17742170
12080166
12080171
12080263
12080324
12080362
12080389
20380948
13620167
20169512
20169518
20169522
9798560
9798640
9798659
9798700
9817659
9817702
9817710
9817723
25351455
25351661
24346063
24347179
10044051
10088674
10089031
4265319
26275900
26276116
9974382
9975018
9975124
9975217
9975596
9976360
18232363
17117586
17117615
17117652
17117662
17117689
17117730
17117743
17117779
18233104
25890097
25890108
25890132
25890149
25890165
25890175
9743172
9743174
9743179
9743184
9743198
9743210
9743224
9743255
12370202
12370221
23495579
23495593
15715796
15716379
26113279
26113404
26113668
26113708
14172954
14173033
26126727
26127051
17447793
11822820
11823164
11823439
12192256
11539785
12423590
12423754
12425032
11698178
12206159
24242541
24242594
9798747
9798804
9798834
9798837
9798846
9798868
9798889
9798891
24633179
25412312
25412339
25412352
25412359
25412375
25412393
25412394
25412416
25412458
25412461
9800150
9800193
9800205
9800218
9800240
9800261
9800265
9800273
9800287
9800288
19115898
19116835
15410826
15412919
15405677
15405719
15405738
15405741
18436071
4717632
4717658
4717692
4717723
11791789
11791797
17753165
17753218
17753479
12370263
12370266
12370283
12370284
12370286
21593972
23959775
23959779
23959833
23959852
23959883
13003309
13003331
13003340
13003354
9942493
23020541
9943787
23020935
23021198
23021517
4265285
26276544
14452036
14452088
10088470
10088520
10088816
23513404
9549168
23514737
17104269
9550274
25040762
23515503
23515631
12886035
12436204
17653355
20782101
17612765
23815554
4217936
4218042
12984421
4467449
18248288
25108308
25108310
25108342
25108365
25108424
25108445
25108469
25108483
18041134
11175722
12340078
12340090
14154084
18452574
18452823
18453308
17371190
25760612
9960249
9498646
9498657
9498663
9498677
23522747
15561627
10037537
11105611
11105725
13131154
13132029
11107023
11107058
11107557
13132964
13133302
13133462
10187319
13282299
4265924
26276987
14453138
10089222
14469187
14470223
14471075
14471304
14471837
23012260
23012369
9937721
9937884
9938041
18298183
11024058
11024718
4592736
4592752
21464172
19555064
18883639
11744309
11744324
11744367
18885879
12607495
10452546
10452729
10453172
10458717
12574742
12574948
13205416
11497013
11497286
25603120
25603408
25604401
25604660
4467722
17628497
4480731
4481096
18248323
18248343
18248399
10496416
10496741
14592567
14592585
11245798
4160396
4160402
4160446
4160465
4160504
4160505
4160530
22190926
22191231
22191392
22205635
10447084
10447087
10447090
10447109
10447135
10447161
10447173
10447192
10447244
11120102
11120146
20325518
12871131
13162433
6290707
6291225
9724740
9724750
13093043
11048838
11049120
13094394
13094893
15661803
24045752
18901305
11760420
25498384
12622732
12623267
25499051
25499759
19367973
10472555
10472645
10472657
12575748
12596938
15434662
15434702
9849311
9849325
9849338
17818695
14159064
20025066
18257412
18257413
18257422
18257423
18257458
18257488
18257507
18259776
11248664
11249048
10520193
10520559
12694118
12694472
10520786
10520969
10521044
6396287
16856579
16856620
22562845
22562851
22562856
22562869
22562944
22562948
22562951
22562952
22562962
9724759
9724764
9724765
9724771
9724774
9724809
9724826
9724835
9724842
9724866
9724876
9724877
9724880
9724890
9724906
9724909
15553008
15170730
13044037
13044598
10988400
10989010
15171498
13295444
13295448
13295484
13295499
13295515
13295527
13295540
13295554
13295565
13295587
13295596
13295635
15661992
24046329
24046491
19137951
19138209
17893478
17893548
26520488
26520712
15646961
15646964
15434764
18657898
25945472
25945544
9849584
9849600
9849628
9849639
9849651
9849672
9849680
12344960
9714126
12345223
12345569
10332585
10332595
26057636
26057687
26057698
26057710
26057734
26057748
26057754
26057797
26057811
26057827
26057830
26057845
26057847
26057850
17730305
24989064
24989065
24989069
24989097
24989124
19344009
9992020
9992158
9992789
18715771
18715805
18715810
18715854
18715863
19344081
19344088
19344095
19344107
19344132
19344155
19344167
19344171
11482140
11015464
13070513
21383968
21384235
20491328
11211437
11212040
11212222
11213659
15647025
15647057
12911854
11588639
11588734
11589202
11589289
11589317
10504154
10504405
21606303
20070551
20070760
14201994
12916958
12917383
12917513
12675000
12675245
12675376
22620324
10495260
12675732
12676235
22621087
4898319
4898421
4898468
4898483
4898493
12365122
12365291
12365836
15565065
9739143
12366457
17047289
23102734
18471993
18472280
13245289
15694333
13853993
19344173
19344175
19344214
9499973
9499983
9500001
15165558
13028464
13028784
13028827
15166231
12415132
12415137
12415140
12415189
12415203
12339913
12340252
12340800
12927817
12927833
11601279
21826726
26399553
11621864
11621936
11622620
11589448
11589494
4773851
4774290
9626611
9626776
9626801
9627150
9627182
25427694
25427697
25427734
12939818
12939886
12939935
12939937
12939940
12939943
12939965
12939976
12940008
17680454
17680613
9429759
17047440
17047982
24634078
24634105
24634112
24634119
24634136
24634162
20735235
20735393
20735734
20735992
17898361
17898466
17898476
17898479
17898527
17898535
17898542
17898552
25677025
4495213
21741644
21742004
21742055
4233245
4233249
4509716
4510962
9817890
9817904
9817915
9817953
9818007
9818013
9818016
9818022
9818032
9818044
4574928
17921686
9924821
9924835
9924855
9924872
9924884
9924888
9924902
9924912
9924939
12404869
12404882
12404935
12405024
12405025
12405087
12405089
12405093
12405098
12405109
12405138
9734276
9734422
9734605
12361836
24794511
4575954
12941618
12671449
10491833
12671939
12672039
12672305
22615881
10509349
10509741
19169943
11670250
11671484
11671680
11671857
11673036
10872299
10873104
23368843
9644669
22957373
23369524
9645240
9645428
9645662
9646468
11611065
12930215
12931058
12931105
21836641
22977158
22977181
22977194
14846841
22443644
10216906
10217397
10217485
13299714
10217699
10218068
10218256
10218478
13089338
13089352
13089359
13089398
13089399
13089445
13089449
13089511
13089519
13089523
15386920
9818056
14419593
14419594
14419605
14419631
14419664
14419681
14419696
14419704
14419720
17679249
17679460
24924353
24924364
13102101
12173697
12600271
11674032
11675773
20114278
22363211
22363324
6419427
20728889
20729062
20729190
20729403
20729643
13387952
20730235
6437952
6438328
22232560
11333600
11334270
19839027
19839138
16869070
6291285
6291459
13163158
13163363
4799797
4799815
4799822
4799826
4799847
4799895
4799915
4799917
4799921
4799936
4799948
4799952
4799956
4799987
4799996
10344984
10344998
10345042
10345045
10345046
10345048
10345052
10345069
17916913
17917208
17917299
25404551
25404601
14416020
14416022
14416028
14416034
14416035
24928336
24928389
24928406
24928449
24928450
24928455
24928469
24928489
24928548
4231453
4231459
4231465
4231471
4231537
4231540
4231551
4231555
4231575
4231586
4231594
4231610
4231617
13153340
10445399
10445400
10445404
10445417
10445425
10445426
10445427
10445432
10445485
10445513
10445521
10445522
10445528
10445534
18717230
18717247
18717255
25947822
9853053
9853418
25114524
17182110
17182124
16132554
11735937
11736288
11736530
16137061
16137138
16137237
16137265
9953311
9953366
9953371
9953382
9953395
9953409
9953420
9953438
9953457
9953458
9953475
9953533
9953540
19903539
6292463
17835689
17836523
17836582
21018187
21018286
13823414
12955516
12955530
12955557
12955579
12955588
12955635
12488050
11823902
11824270
16844767
16844780
16846378
25996246
25996345
25996744
10129520
22974719
20169435
20169446
11502700
11502725
11502728
11502740
11502748
11502754
9815393
9815425
9815431
9815451
9815462
9815476
9815537
26238229
26238234
15405808
15405822
15425280
12853817
20898618
20898766
4736408
4736661
20899720
24356638
24356736
24356899
10057910
14475752
14475795
14475987
14477234
4276306
4276608
4277794
4278756
4279347
4280426
4280818
19903580
19903583
24573253
24573540
24573558
10585135
10585160
17807302
17808554
10586936
10802153
10169449
10169451
9537960
17093194
17093344
9538041
9538048
12339021
12339058
12339074
12339102
12339188
12339192
12339210
12339212
11153069
26706483
26706510
26706520
26706532
26706551
10234204
10234243
10234245
11502774
11502775
11502782
11502815
11502821
11502832
11502850
11502861
11502882
11502885
11502919
11502958
25412465
13648299
13648319
13648360
13648374
14303802
14303805
14303848
14303871
14303890
17878153
17878308
17879609
9800615
9800628
9800661
9800685
9800703
15425503
24943024
24943235
15405827
12186363
14421871
14421885
24962081
24962270
24962576
24963055
24963552
24965208
24965257
4280870
17770872
17771388
10297510
17771781
17772043
17772285
10298287
11222986
9960296
9960297
9960315
9960350
9960404
9960405
9960409
9960418
9960433
12828114
15561647
15561655
15561692
9959352
25757288
25757442
13380179
13380279
13380304
10436756
10436927
10437176
10437503
12218967
12886801
12886938
12887154
12887599
12323318
12323435
12323641
9800718
9800719
9800721
9800759
9800760
9800792
9800813
24679030
19542500
19135178
17891099
25413119
25413135
14304464
14304474
18248414
18248437
18248454
18248483
18248513
14423565
14423588
14423601
14423607
14423656
24833073
20507937
12336900
12336912
12336914
12336915
12336938
12336945
12336962
20881628
11793391
11793403
11793409
11793410
11793442
11793450
11793482
11793557
11793574
11793580
23983691
23984252
23987213
22408836
23522750
9558578
9558598
9558606
9558608
9558612
12974963
12975235
12976116
12976314
9734310
12361557
11149385
11149444
21500875
21500925
21500928
21500936
21500937
21500951
21500953
21501019
21501047
21501067
21501087
10206368
10188018
4856976
4857017
4857019
21810730
11583203
11583248
11583274
11583507
11583561
12906861
12906874
16129269
18873183
18873319
16130260
16485675
18873765
11732895
11745821
12597120
25480682
12598092
12598117
22975743
22975840
22975845
9914165
9927086
13205474
13206015
18443317
25942557
25942569
25942578
25942619
25942622
25942654
18251812
18252013
26006962
10139893
10140076
26007847
10140811
25942674
25942717
25942719
12336964
12336972
12337001
12337005
12337035
20017088
14169294
14169561
20271485
20273163
22093536
13835036
20882819
19343409
19343442
19343446
19343453
19343454
9728100
9728696
9728753
9729188
9729447
9729453
9729832
9730081
4160946
4160990
4160994
4160996
4161002
4161006
20733158
20733175
20733530
22367786
18394341
4597014
4597027
4598018
4598143
4600928
18042341
9735011
12362021
9741220
9741291
15568609
24306447
24306465
9741748
9742005
9742304
12368935
12369683
12369732
9746894
9746902
12374859
12374975
15573965
10206864
10206959
21082584
21083139
10188343
10188616
13282975
9622271
9622358
13850147
19572279
11508602
11508908
16171821
19381240
22558650
10443157
9927236
12097342
12097510
9849684
9849692
9849709
9849735
9849740
9849781
9849802
9849806
9849832
9849865
9849875
9849903
9849914
24607287
10603688
18259789
10333446
10333568
10008743
10008799
22894761
11644871
15964141
4305529
4305532
4305556
4305557
4305588
4305601
4305628
4305655
4305656
20734629
22368476
10448658
10448660
10448687
10448695
10448696
10448697
10448726
4350646
9742990
15569364
24307760
12371290
12371499
15570638
20753043
9747585
9747785
9748308
9754685
9755328
9755366
9755410
13224711
13224717
13224730
13224732
11500357
13140448
6247399
17702876
13378238
13378327
13033625
13033715
13033795
13034528
18270589
18270752
4781048
4781158
4781604
23917073
23917306
23925329
23925677
13378353
9927960
13230196
18457578
21606423
21606454
21606469
21606484
21606491
21606517
21606533
22860168
22860314
20758073
20758235
22394860
25937867
25937875
19114238
14175916
13017521
13017549
13017559
13017561
13017580
13017648
13017670
13017682
13018819
4305672
15225529
25405802
24163681
15821272
15821304
15821305
15821346
15821354
15821362
15821370
15821376
15821381
15821399
15821412
26671258
9992972
12743198
12743220
12743221
12743234
12743250
12743253
12743273
12743314
12743326
12743338
12743339
6448409
20742311
20742658
22377101
22377923
6449463
20743153
20743232
20743267
20743449
20743508
20743650
20743903
15554189
15554222
15554236
15554247
15554278
15191054
18452258
18452263
18452330
18452356
18452389
18452403
18452412
19894631
22714409
22714964
11227618
20251627
21826730
12958044
12958151
12958854
25538539
25538663
10507156
10507252
22647692
4638779
4638936
12703030
21870895
21870906
13439749
24634171
24634186
24634231
24634235
24634247
9844685
9844695
9844700
9844714
9844735
9844747
9844751
9844779
9844781
9844783
9844784
9844795
9844800
9844853
9844871
9844911
9844922
9844939
9844941
9844955
9844971
9844976
26058293
26058295
13854131
13262693
11490210
11490212
11490248
11490250
17768890
17769587
17769710
17769947
23965060
13487607
20759750
20760108
24130810
24130854
4576142
19894646
19894655
19565091
19565301
10003847
10003860
10003884
10003922
10003941
10004332
21580822
21580930
22413251
22413325
22413329
22413346
22413363
25416602
25416630
25416645
25416647
25416680
25416712
25416747
24174770
24174782
24174791
24174806
10307763
17782025
10308228
10308296
21870961
11623075
11623330
11623389
10180154
23033598
13275354
10089396
10089760
13897763
10071101
10071283
10071563
4249145
26259098
14196115
26352527
9964912
14719207
21906507
4230813
4230833
4230858
4230860
4756403
4756522
4756551
4756758
4576189
24716402
24716469
17935942
26018333
10151018
24055191
17032209
24055897
17032763
9924951
9924957
9924963
9924990
12407267
15830444
15830446
15830474
10509892
10510674
10510756
10510776
10510781
10511622
10511796
17783140
10309111
22484125
19863891
19864160
19864417
9913188
10180709
10180904
11746575
11746747
4278696
4278835
4280306
26305794
26305802
14489727
14489808
14489983
14490036
4266875
4267001
14453532
14453898
10090554
4267670
26278346
14454267
10197817
13089547
13089558
11034617
11034621
11034671
11034737
11034738
11034759
11034763
11034782
11034812
11034841
11034849
20753066
20753085
20753240
24135739
17899672
17899707
17899712
17899714
17899725
17899754
17899762
17899817
17899851
17899877
17899923
17899925
17899963
16794274
4776771
23912591
21791236
4777334
23913164
4777857
4778439
14421326
14421334
14421340
14421356
14421377
14421407
4794895
4795261
14314884
14314895
12407278
12407325
12407338
12407346
15560990
9735299
9735352
9735368
9735416
12362526
9748413
12375921
17182201
17182290
9854500
14247777
14247783
14247809
20785484
19874373
19874459
16914770
19875842
22989657
22989753
22975234
22976003
10263884
16876536
16876640
10356883
10357213
10357591
10357650
10345073
10345090
15665781
12918880
13647889
13647906
13647926
14314944
14314996
14315017
14315019
14315069
23699839
26238239
26238252
17303517
6297329
17304850
10179161
26050215
19986215
12830107
12830129
12830168
12830186
12830208
12830243
18924994
20786158
20786397
20799622
11748823
14245591
14245600
14245658
14245680
14245690
14245742
14245797
14245839
14245850
14200717
14200743
14200788
14200794
13168697
18396299
10629778
17856676
18091328
18092015
18672299
18672876
18673624
18674053
18674461
18674649
4126496
4127274
18688940
18689334
13233774
20434032
14557581
4801972
4801975
4801984
4801994
4801997
4802003
4802039
4802054
4802066
4802077
4802080
4802086
4802114
4802170
4802183
13647934
13647972
13647983
13647986
19567054
13648007
13648043
13648066
10265066
10265141
4232735
4232743
4232745
4232768
4232778
4232779
4232888
4232903
6313057
24928562
24928568
24928577
24928602
24928603
24928639
24928641
24928696
18415901
13191772
13192155
13192184
18417092
21081878
21082070
21082120
9999299
9999575
9999789
10000047
11134432
11134910
11058018
11058104
11058160
11058701
14200941
14200949
19903797
19903857
19903860
19903918
19903930
19903936
12365527
12365530
12365533
12365537
12365542
17755968
17756564
16840929
23962424
23962455
16841879
16915263
4128367
25475590
25475604
10437622
10437646
10437740
10438310
4229033
9812952
9813273
9813303
4229732
14415753
9824375
9824378
26707078
26707080
26707086
26707087
26707131
26707132
26707151
26707152
26707178
10636466
22265307
20540811
11281876
11281968
4585460
25863839
25864006
25864133
25864482
25864842
10267094
24685311
17905443
17905834
24686297
24686562
19568100
19568110
18417106
18417764
13192331
13192925
20388286
12209331
24264678
11058972
6649152
6649190
6649274
6649351
10565815
4684030
4684062
17737905
26160831
17809007
9955033
9955034
9955036
9955039
9955040
19903953
25053309
25053362
25053386
25053511
12366178
12366190
12366195
12366197
12366201
12366206
12366217
12366237
12366249
12366265
10601622
24607800
9824765
4240839
9663517
17679619
22212381
12611381
12612009
24088007
24088205
24088655
24088885
12787584
12787738
25311076
25311962
13540650
9667590
9667816
9668024
19568299
19156534
19157038
12321919
26790411
26790634
26791116
26791123
24929312
24929367
24929382
24929394
24929399
24929406
13122005
13122076
13122111
11063774
17257712
11226596
11226598
11226607
11226620
11226644
11226651
11226664
11226707
11226741
11226755
11226810
11226842
22074971
16840554
16840662
18227113
18227151
18227177
18227198
18227282
18227288
17113881
17113917
17113935
17113945
17113958
17113974
9560111
9736584
9736601
25492881
14433296
10071483
10071628
10071815
4759069
4759366
22212407
22212433
22212435
22212456
10188686
13295895
13295928
10240940
10240941
10240958
10240978
10241013
10241046
10241071
26600753
25708673
25709120
25710269
9612806
22927743
22928319
11746312
11746682
11746898
11747080
11747202
4458344
4458345
4458435
4459350
4459776
9692978
9693023
9693051
19183395
17923751
17657456
17657542
17657623
10957367
17176328
26792511
26792543
20546288
22121907
22122023
22122488
22123267
22123274
22123354
22123465
12362681
9736428
12363381
12324049
9665780
9736607
9736614
9736621
9736622
9736636
9736638
9736672
9736691
9736697
9736715
9736723
9736730
9736734
9736743
9736759
9736761
11430806
11432101
11432250
23019995
23020094
23020115
23020118
24323105
10018779
10019330
24323351
10020624
10241163
10241167
10241254
4858619
4858645
4858653
4858700
4858711
4858723
13313125
21111121
4858725
4858743
4858757
4858765
4858773
20678194
13323230
22945634
23321044
9633703
9634055
16623070
10181609
10181890
10182231
22144153
22146153
17176431
17176465
17176496
17176515
17176570
17176581
17176582
17176606
9848499
9848524
9848560
9848571
9848633
9848646
9848676
10172635
14191882
14192232
14192416
14193920
14194113
10170296
10170307
10170308
10170309
10170331
10170387
12404519
24164175
25419969
11789579
11789610
11789618
11789648
11789660
11789661
11789703
11789774
11789781
9961563
9961587
9961598
9961599
9961604
9962684
9962704
11791602
11791606
11791693
11791697
11791767
24938133
6342968
6343045
17331894
6343651
6343745
6344374
22165142
6264002
6264050
6264307
11130761
11132210
11132336
15177468
15177680
15178241
13049745
10993536
22146555
14417534
14417656
14418256
18051608
18051613
9828204
4244636
26254563
4244971
4245048
9830646
4245863
9831701
9832083
4246863
14431461
14431494
14431697
9832466
9750705
12377531
12378096
9751176
12378455
17870300
17870696
15241187
10011907
9867294
9867303
12404557
12405380
12405805
12406211
12406302
12406964
12407658
12408184
12408320
12409626
21412847
21412869
11791856
11791861
11791898
4855547
21500463
21500487
21500503
4856751
9962735
9962739
9962800
9962808
9962826
9962847
9962862
9962878
9962889
9962918
9962925
9962930
9962950
24523950
25479419
11537707
12884789
12884924
11569071
12885871
12886146
12886354
12886373
12886665
19173375
19173956
11806102
11806358
20359297
20360018
20360834
13163549
13163686
13164704
13165138
18392791
15196609
16368844
22877099
10536458
10536982
20064719
13018837
13018847
13018855
13018879
13018885
13018897
13018903
13224930
13225041
13225427
14904427
12427006
21412910
21412985
15276082
6293507
26238223
26238237
26238254
25479427
25479428
25759333
25759334
25759365
25759372
25655642
12827591
12827597
12827615
12827655
12827656
11787234
11787267
11787306
11787319
11787341
11787350
11787366
19335548
9874845
9874846
9874865
25133962
25133985
25133996
25133999
25134004
25134016
21807620
12901584
24876324
4627674
18084638
22486500
24174810
24174817
24174820
24174844
24174914
24174930
24174943
24174955
25417453
25417459
10324713
12532179
10382681
12533092
10177039
10177125
10177128
10177157
10177174
10177186
12728581
22670102
12728783
22670427
10198495
10198979
9845650
9845658
9845672
9845675
9845679
9845682
9845683
9845725
9845773
9845777
9845786
9845804
9845806
9845814
25107073
25107078
25107107
25107116
14213428
14213661
14214272
18399889
18400100
18400130
6313078
6313307
20364155
18401021
18401219
13176768
6313594
6314181
20364849
18401237
18401563
15405895
15406028
9815304
9815335
9815337
9815339
9815352
9815368
9815371
9815432
9815509
9815530
9815539
9815560
9815570
9815579
12595302
10439869
10441070
19337268
26346498
26346564
26346573
26346582
26346589
16851166
13003204
13003233
13003257
13003258
17971490
19871994
19872376
14247845
14247908
14247945
14247968
14247998
14247999
14249345
14203755
14203781
14203810
14203817
24986122
24986126
12982815
21613975
21614109
12984104
11619515
11619523
11619534
11619560
11619562
11619590
11619594
11619617
11619629
11619635
11619646
25862420
18897330
16159307
14490374
4533192
14505792
26329463
14507291
14507496
26330197
26330731
13922251
18328726
13923813
13923839
14476864
14478020
4275660
4276908
4278982
4279413
21666255
21666832
14734779
14417560
14417591
14417596
14417600
18416414
24929648
24929674
24929702
24929709
24929725
17731801
17731938
23524805
23524813
17114846
17114873
17114899
17114900
15560778
10429782
10430322
10430423
10431200
25473612
25473724
13307425
13004465
13004477
13004494
13004497
13004518
13308367
13308377
13308381
13308506
24986159
24986163
14249365
14249381
14249383
14203831
14203832
14203850
14203854
14203902
14203916
24986250
24986252
24986261
23781762
4194524
4194552
4194635
21678560
16344572
11505927
11506314
22069390
4279579
11770608
4574747
4796770
4796896
12078131
12078245
12078275
10346058
4189185
4189633
4189919
4190150
4190177
4190286
4206097
15833338
15833357
21836573
23955405
23720673
17752092
17769598
23963605
23963866
10830196
24925080
20181755
20181788
20181804
20181821
16193590
22693033
24452086
25622509
25622863
24453222
24453424
19157887
19157888
19157890
19157904
25178146
17896146
17896803
10346059
10346085
10346100
10346153
10346167
10346174
11641385
4284302
21392104
4284843
4285105
12530129
12530408
10379949
10380653
13838398
11611629
11611973
12932329
25169971
25170470
25171326
13440633
24170072
24170086
24170091
24170118
24170135
24170145
15335269
15335341
15335343
4233342
4233366
4233387
4233388
4233395
4233411
20187430
26119587
26119796
20055564
26120094
26120168
26349451
16542360
11802603
11802933
11803047
18942493
13905517
16569901
16570150
13907026
18321557
21581651
12998998
18229255
25261528
4154674
4155156
25263030
25263170
25263634
25263717
19852921
16879298
24693861
24694593
4286201
4286470
4286579
4287873
4288255
13893998
20658559
22283176
20659001
22285075
21504251
21504261
21474579
25214166
25214393
25216189
25217088
25217155
25219245
25219807
25220699
11502560
11502562
11502593
11502597
11502613
11502640
11502647
11502665
11502672
11502692
11502715
11502792
11502807
19567875
19567884
19567885
13223860
18451243
18451294
13224202
18465888
9716949
14168019
14168371
11500813
4684119
4684135
4684141
4684158
23947478
23707025
23707072
16828092
9496389
9496403
13137043
13137071
20313662
20313928
13137822
11111362
4686817
17757206
17757298
17757302
17759032
17759089
10614049
10614465
10615174
10615201
10616048
24695430
24696339
24696796
24699418
24185032
24185048
24185086
24185095
24185111
24185114
24185117
24185145
24185155
6633938
14447525
14447856
4261774
4261933
14448385
14448533
26760875
26760892
26760962
12831026
12831565
13594429
4721896
19956502
14298598
14298602
14298603
14298606
14298642
14298644
14298651
19567898
19567911
20171960
20171970
19569471
25413136
25413184
14306001
14306035
14306043
14306190
14306233
9717146
12347648
9740130
12367109
15404285
15404289
15404350
15404369
15404385
20183798
20183802
20183803
20183822
12367673
12368330
14233720
14233734
14233737
14233914
11121579
11121665
11122131
13151692
13151935
6650015
17759106
17759107
17759124
17759128
17759164
17759184
17759188
17759200
17759235
17759241
23020155
23020171
23020182
23020191
17114567
17114614
17114668
18679458
9692583
9693243
9693394
9693537
4778845
17709779
23913913
23914324
23914628
14476357
14476620
14476741
14477668
4275598
4276035
4276171
4277359
4277808
18696155
19956513
19956560
19956635
19956649
19956657
2651591
9634467
9634498
12927329
12927461
21839818
14233746
14234082
9496915
9497004
9497509
11759382
11759470
20173183
20173189
24744506
9741460
12368704
9754138
9754184
9754243
9754397
12381395
12381954
15581521
26238188
9754694
26238194
26238217
26238243
26238245
26238246
26238256
26238259
26238264
14416446
14416450
14416481
14416495
14416497
14416515
14416525
9815376
9815380
9815403
9815439
9815442
9815455
10625488
19113426
17851786
24634601
10625899
10626102
26104528
26105051
26106024
26106176
26107175
15500777
15500788
9375471
24263394
9687432
9687724
9687881
9687929
9754317
12382045
9755164
17114672
17114676
17114727
17114748
17114767
17114842
11433663
21246826
4139360
4139572
4139577
21792472
22317877
22318417
9699037
9699175
9701704
9702063
9702616
9704373
9705349
9705610
9705812
9706847
9707471
9708294
9709334
9645558
9647015
12934277
11614873
4865520
4866116
4866237
4517714
4750001
10173117
17869526
17869915
17869987
20671834
20672235
22157114
22157172
9700843
9701012
9702951
9703016
9703405
9705084
9705637
9706364
9706404
9706443
9707200
9707752
9707956
9708293
9708618
24524410
24524416
26128330
26128337
26128371
26128374
11537742
10038311
15614846
15615202
10039198
18826048
18826487
9896652
9896778
6349672
6350188
21510505
22311132
20683273
10077392
26265175
14440854
14441054
10077994
9770558
9770825
9770962
12395286
12395442
25672327
25672424
4750860
10963939
10963948
10963956
10964053
20681134
20681488
15278406
10008814
10008828
10008836
25705934
9658514
9659146
4876787
4876792
4876858
4876911
4877002
4877045
4877320
10650173
10650448
25759309
25759314
18432763
10055054
10055793
15458086
15464914
11021775
11022197
15196822
15197207
15197395
17924832
17925949
24721274
17735004
23944219
23944758
20727467
20727471
20727502
20727512
20727515
20727532
20727543
20727548
20727551
20727568
20727572
20727575
20727580
20727591
20727593
20727599
20727608
20727618
20727638
20727646
20727658
20727668
20727670
9771381
12396023
22171619
22171624
22172064
22172079
13346245
4268584
14455280
14455865
10091026
10091093
10091316
10091362
10091442
10096119
14461054
10096537
4274152
4274252
26283035
14462351
14477607
4276103
24673504
24673903
14231510
26160400
26160667
9494982
13021381
11714600
11715277
11716922
21404722
24179644
15293960
13819321
10008858
10008865
10008881
10008918
10008928
10008958
10008964
10008991
13254809
13846519
13846608
26594140
25706709
25707102
9659909
25711775
25711856
25712617
25712913
11787401
11787404
26347824
26347831
26347851
26347874
26347879
26347928
12915378
12915831
12916041
12916536
