863930019285179
863930019285603
863930019285953
863930019285948
863930019286261
863930019286321
863930019286507
863930019281027
863930019281134
863930019281182
863930019282259
863930019282274
863930019282650
863930019282741
863930019282902
863930019282881
863930019283746
863930019284535
863930019285281
863930019285341
863930019285406
863930019286146
863930019286436
863930019286495
863930019286664
863930019286543
863930019342626
863930019658009
863930019524570
863930019660322
863930019556785
863930019563737
863930019427628
863930019561123
863930019603221
863930019284872
863930019285283
863930019285484
863930019286117
863930019286249
863930019286714
863930019470983
863930019274046
863930019274219
863930019275141
863930019275274
863930019275337
863930019275698
863930019276063
863930019369798
863930019397839
863930019426129
863930019428806
863930019426833
863930019433168
863930019434407
863930019435342
863930019514133
863930019561747
863930019272845
863930019273251
863930019590600
863930019590789
863930019601000
863930019533745
863930019534113
863930019276049
863930019276265
863930019276417
863930019277161
863930019277346
863930019277442
863930019277497
863930019277915
863930019278439
863930019278411
863930019278459
863930019278583
863930019278453
863930019278512
863930019279077
863930019279172
863930019280458
863930019280463
863930019281248
863930019272975
863930019273250
863930019273891
863930019274130
863930019274481
863930019274845
863930019274863
863930019276133
863930019277103
863930019278523
863930019278590
863930019278727
863930019280689
863930019283109
863930019283645
863930019284211
863930019693823
863930019693805
863930019275910
863930019276877
863930019276950
863930019277265
863930019278150
863930019278548
863930019282215
863930019282460
863930019282549
863930019283260
863930019428077
863930019428251
863930019467314
863930019472625
863930019280895
863930019281345
863930019284930
863930019286182
863930019398650
863930019278893
863930019282516
863930019282598
863930019282747
863930019285380
863930019285675
863930019286390
863930019342247
863930019271240
863930019271912
863930019272087
863930019272577
863930019272774
863930019286218
863930019528268
863930019286557
863930019343590
863930019343392
863930019459256
863930019466710
863930019436088
863930019275214
863930019276425
863930019276443
863930019273222
863930019274209
863930019274233
863930019274663
863930019274824
863930019275646
863930019277043
863930019277585
863930019277677
863930019277717
863930019277856
863930019278095
863930019278654
863930019279217
863930019529961
863930019530940
863930019530787
863930019557061
863930019557223
863930019525868
863930019272659
863930019273670
863930019274360
863930019274461
863930019279500
863930019284368
863930019526361
863930019526787
863930019561969
863930019563092
863930019557481
863930019284422
863930019284896
863930019285769
863930019271346
863930019272528
863930019272956
863930019273212
863930019273602
863930019532884
863930019276915
863930019277312
863930019278340
863930019278565
863930019278751
863930019279371
863930019281354
863930019271128
863930019271901
863930019273896
863930019460975
863930019278116
863930019278871
863930019279259
863930019557730
863930019558639
863930019280085
863930019282000
863930019282410
863930019282368
863930019282854
863930019283686
863930019284541
863930019284761
863930019284949
863930019285268
863930019285970
863930019286124
863930019460845
863930019461093
863930019459515
863930019449796
863930019522556
863930019271418
863930019272239
863930019272864
863930019273114
863930019273274
863930019273532
863930019273708
863930019273783
863930019274744
863930019275722
863930019275529
863930019275178
863930019275229
863930019278052
863930019278185
863930019278133
863930019278385
863930019285513
863930019271578
863930019272369
863930019272875
863930019273027
863930019275433
863930019275450
863930019275960
863930019276180
863930019277592
863930019277974
863930019483296
863930019276550
863930019285940
863930019329230
863930019343719
863930019428087
863930019437128
863930019432619
863930019483261
863930019524280
863930019524315
863930019554953
863930019555834
863930019555888
863930019281067
863930019286461
863930019286649
863930019326945
863930019272867
863930019275914
863930019277189
863930019561938
863930019523842
863930019533027
863930019532332
863930019533636
863930019537542
863930019537728
863930019274931
863930019376125
863930019436341
863930019466785
863930019440340
863930019450442
863930019279728
863930019280376
863930019280313
863930019280946
863930019281537
863930019281759
863930019281828
863930019282613
863930019282863
863930019282961
863930019282897
863930019283998
863930019284419
863930019284923
863930019285669
863930019285912
863930019433226
863930019279442
863930019281792
863930019282153
863930019282318
863930019283400
863930019284915
863930019285074
863930019285308
863930019286056
863930019286176
863930019336337
863930019339328
863930019271932
863930019272507
863930019272949
863930019271301
863930019271358
863930019272158
863930019274393
863930019274829
863930019277085
863930019528556
863930019531409
863930019279364
863930019279209
863930019279634
863930019279770
863930019280126
863930019279968
863930019280293
863930019280746
863930019281338
863930019281604
863930019281644
863930019281867
863930019281962
863930019282510
863930019282434
863930019274193
863930019274792
863930019274756
863930019274955
863930019275118
863930019275341
863930019275319
863930019275407
863930019276139
863930019275894
863930019275709
863930019276343
863930019276475
863930019276477
863930019276411
863930019276290
863930019276370
863930019277205
863930019277344
863930019277549
863930019278362
863930019278508
863930019279139
863930019279005
863930019282648
863930019279882
863930019282071
863930019282365
863930019283358
863930019285202
863930019285345
863930019327358
863930019282824
863930019283041
863930019279799
863930019283114
863930019283133
863930019283171
863930019283298
863930019283307
863930019283398
863930019283389
863930019283940
863930019283756
863930019278950
863930019279089
863930019279241
863930019284467
863930019285055
863930019285400
863930019285747
863930019286421
863930019286681
863930019286670
863930019313589
863930019329148
863930019332997
863930019341919
863930019376162
863930019434550
863930019435106
863930019436791
863930019427359
863930019467826
863930019460507
863930019342523
863930019363275
863930019416561
863930019425833
863930019549037
863930019272635
863930019272731
863930019273722
863930019528855
863930019530330
863930019530702
863930019280335
863930019281462
863930019281926
863930019282499
863930019282899
863930019285703
863930019285575
863930019285763
863930019566279
863930019567299
863930019567415
863930019279749
863930019280441
863930019281320
863930019281556
863930019282915
863930019283361
863930019458726
863930019433624
863930019273952
863930019274116
863930019274281
863930019275018
863930019275067
863930019276708
863930019277535
863930019278076
863930019271291
863930019275872
863930019284855
863930019284954
863930019284994
863930019286278
863930019286561
863930019276507
863930019276786
863930019277640
863930019278138
863930019278193
863930019278487
863930019280152
863930019280409
863930019281077
863930019281740
863930019282983
863930019282777
863930019284090
863930019284840
863930019431342
863930019459007
863930019439177
863930019483392
863930019433682
863930019468008
863930019625130
863930019634669
863930019645918
863930019272053
863930019275694
863930019277108
863930019277152
863930019278710
863930019465012
863930019286268
863930019286604
863930019325623
863930019429862
863930019451088
863930019559098
863930019602962
863930019604053
863930019271524
863930019271686
863930019272023
863930019271992
863930019271997
863930019272105
863930019532894
863930019536176
863930019271643
863930019272007
863930019272575
863930019273865
863930019274637
863930019275022
863930019286482
863930019286475
863930019271136
863930019271243
863930019273809
863930019274750
863930019275003
863930019275094
863930019278599
863930019279327
863930019280787
863930019280811
863930019280729
863930019283120
863930019284196
863930019329082
863930019329176
863930019329198
863930019338365
863930019425756
863930019428466
863930019429056
863930019434316
863930019437184
863930019426762
863930019432047
863930019461119
863930019459692
863930019436482
863930019522891
863930019524526
863930019285316
863930019343703
863930019367777
863930019401951
863930019397629
863930019428716
863930019434149
863930019467901
863930019525027
863930019274798
863930019275452
863930019275876
863930019276354
863930019277225
863930019277618
863930019278258
863930019278342
863930019278991
863930019281614
863930019281871
863930019282611
863930019283460
863930019283447
863930019631847
863930019632294
863930019429401
863930019470137
863930019271921
863930019272454
863930019272589
863930019276608
863930019284884
863930019285229
863930019285278
863930019563172
863930019562341
863930019564507
863930019566254
863930019559137
863930019363755
863930019555809
863930019433000
863930019271795
863930019272466
863930019273368
863930019273522
863930019274068
863930019285374
863930019285854
863930019285900
863930019286033
863930019286246
863930019286086
863930019286311
863930019286548
863930019286712
863930019431065
863930019432154
863930019435795
863930019467727
863930019563864
863930019344037
863930019396705
863930019440139
863930019435797
863930019467057
863930019467916
863930019271983
863930019272543
863930019272847
863930019273209
863930019276087
863930019276184
863930019276338
863930019530712
863930019557105
863930019562441
863930019272613
863930019274347
863930019274557
863930019276536
863930019276470
863930019278760
863930019279191
863930019279415
863930019279695
863930019279793
863930019282112
863930019282265
863930019282384
863930019529236
863930019559276
863930019271260
863930019530152
863930019274110
863930019274258
863930019275586
863930019281363
863930019281667
863930019279261
863930019279248
863930019279129
863930019652169
863930019652307
863930019532934
863930019272257
863930019273477
863930019273428
863930019273720
863930019273674
863930019273781
863930019273931
863930019274413
863930019274430
863930019274316
863930019274979
863930019275011
863930019275120
863930019275604
863930019275376
863930019275805
863930019276340
863930019276680
863930019276943
863930019277140
863930019279426
863930019279768
863930019281130
863930019281515
863930019281955
863930019282236
863930019283253
863930019283876
863930019284002
863930019284638
863930019285957
863930019311986
863930019275730
863930019276726
863930019279389
863930019280775
863930019280910
863930019281138
863930019281732
863930019284157
863930019593730
863930019277142
863930019277428
863930019277644
863930019278006
863930019278696
863930019274681
863930019275085
863930019275435
863930019276689
863930019277533
863930019279381
863930019279398
863930019565994
863930019284465
863930019284626
863930019285627
863930019277848
863930019277927
863930019277713
863930019278169
863930019278457
863930019279375
863930019279780
863930019281311
863930019281114
863930019629549
863930019327988
863930019366854
863930019278948
863930019279874
863930019280115
863930019281530
863930019283809
863930019284624
863930019284751
863930019271115
863930019271581
863930019271676
863930019271713
863930019272420
863930019272726
863930019273154
863930019273839
863930019273879
863930019274187
863930019274568
863930019274594
863930019557383
863930019277513
863930019278016
863930019282027
863930019282064
863930019282357
863930019286633
863930019594233
863930019432434
863930019469359
863930019538052
863930019286051
863930019286110
863930019430378
863930019283669
863930019285906
863930019286234
863930019344431
863930019367317
863930019464507
863930019465302
863930019555257
863930019555188
863930019556006
863930019526640
863930019526586
863930019527138
863930019527064
863930019428380
863930019458825
863930019427249
863930019464080
863930019472631
863930019529538
863930019273472
863930019273568
863930019273335
863930019274062
863930019274123
863930019274686
863930019274596
863930019274766
863930019274898
863930019274876
863930019530262
863930019531621
863930019275161
863930019275147
863930019275203
863930019275786
863930019276325
863930019276576
863930019276952
863930019276997
863930019276791
863930019278065
863930019278269
863930019278519
863930019278510
863930019278561
863930019278614
863930019278770
863930019278496
863930019278766
863930019278533
863930019278943
863930019271446
863930019271703
863930019278732
863930019279222
863930019279084
863930019279065
863930019279228
863930019279052
863930019279857
863930019279788
863930019279941
863930019280014
863930019279894
863930019279948
863930019280602
863930019280570
863930019281199
863930019281109
863930019281218
863930019282025
863930019282191
863930019282328
863930019282668
863930019282536
863930019282576
863930019282883
863930019282904
863930019532184
863930019532249
863930019282875
863930019283174
863930019283983
863930019283905
863930019283889
863930019284148
863930019284075
863930019284355
863930019285200
863930019285333
863930019285336
863930019285395
863930019285578
863930019285562
863930019285664
863930019527144
863930019286222
863930019286198
863930019286471
863930019327861
863930019523415
863930019523739
863930019523787
863930019534121
863930019534212
863930019327983
863930019334323
863930019337584
863930019342930
863930019344544
863930019344348
863930019365249
863930019366164
863930019364630
863930019371796
863930019371226
863930019373021
863930019396247
863930019404371
863930019401330
863930019425800
863930019435082
863930019449805
863930019434260
863930019467780
863930019438235
863930019459680
863930019437178
863930019466601
863930019461375
863930019459042
863930019514136
863930019523597
863930019535788
863930019534875
863930019535495
863930019286615
863930019524431
863930019460266
863930019467747
863930019536576
863930019271139
863930019271768
863930019272099
863930019273875
863930019274893
863930019275250
863930019275898
863930019277420
863930019278058
863930019426672
863930019429790
863930019442738
863930019537886
863930019537613
863930019272324
863930019272316
863930019272738
863930019274340
863930019275608
863930019275633
863930019275995
863930019276428
863930019276844
863930019277125
863930019278620
863930019278775
863930019278995
863930019280997
863930019281620
863930019286619
863930019343416
863930019343622
863930019343257
863930019416898
863930019472834
863930019473454
863930019469319
863930019281798
863930019282256
863930019282558
863930019282795
863930019283186
863930019285319
863930019285771
863930019285896
863930019286425
863930019286378
863930019328529
863930019331000
863930019343253
863930019365405
863930019373259
863930019525066
863930019524609
863930019272456
863930019274043
863930019274841
863930019274969
863930019276910
863930019280000
863930019280625
863930019282584
863930019285305
863930019285818
863930019326886
863930019461538
863930019277105
863930019278148
863930019278283
863930019278699
863930019278723
863930019280385
863930019280362
863930019279936
863930019281789
863930019283094
863930019284237
863930019284304
863930019286484
863930019432394
863930019429851
863930019457842
863930019436631
863930019468102
863930019459383
863930019460084
863930019525581
863930019527772
863930019275782
863930019273304
863930019275749
863930019275851
863930019278121
863930019282283
863930019282701
863930019271678
863930019272197
863930019272896
863930019274467
863930019274520
863930019275261
863930019275501
863930019276815
863930019332000
863930019341454
863930019341313
863930019342193
863930019343267
863930019343533
863930019343297
863930019362511
863930019397154
863930019427860
863930019458305
863930019427871
863930019463238
863930019271710
863930019271877
863930019272195
863930019276006
863930019275931
863930019276091
863930019277089
863930019281574
863930019284253
863930019363541
863930019367432
863930019394936
863930019430093
863930019429391
863930019466751
863930019458784
863930019558016
863930019558056
863930019557806
863930019685942
863930019272816
863930019273004
863930019273217
863930019273312
863930019273447
863930019273618
863930019273594
863930019558899
863930019659830
863930019659640
863930019667418
863930019343778
863930019362868
863930019362234
863930019363415
863930019370756
863930019399501
863930019404356
863930019401999
863930019429913
863930019438016
863930019464319
863930019459912
863930019561329
863930019564401
863930019560577
863930019560654
863930019273844
863930019273940
863930019274920
863930019275082
863930019275243
863930019275292
863930019276553
863930019276547
863930019276451
863930019276678
863930019276765
863930019277091
863930019277596
863930019278471
863930019278680
863930019278847
863930019684774
863930019281071
863930019281236
863930019281136
863930019281778
863930019281534
863930019281745
863930019281472
863930019281816
863930019282066
863930019282061
863930019282220
863930019467755
863930019427418
863930019471699
863930019537081
863930019278676
863930019279468
863930019279563
863930019279734
863930019279890
863930019280082
863930019280016
863930019280183
863930019280475
863930019280586
863930019280582
863930019280672
863930019280891
863930019281225
863930019281308
863930019281336
863930019281460
863930019281718
863930019281742
863930019281592
863930019281967
863930019282016
863930019282297
863930019282740
863930019282684
863930019685622
863930019686216
863930019282501
863930019282449
863930019282580
863930019282654
863930019282802
863930019282689
863930019282832
863930019282971
863930019283168
863930019283069
863930019283437
863930019283479
863930019483777
863930019486084
863930019565424
863930019557213
863930019556224
863930019283771
863930019283959
863930019283991
863930019284077
863930019284179
863930019283996
863930019284274
863930019284397
863930019525937
863930019695380
863930019694206
863930019580838
863930019611564
863930019523030
863930019527183
863930019528306
863930019599248
863930019524197
863930019514049
863930019528816
863930019564726
863930019611509
863930019559258
863930019559250
863930019657419
863930019692218
863930019566329
863930019561745
863930019525976
863930019525351
863930019547710
863930019271125
863930019271427
863930019272126
863930019272223
863930019272380
863930019272445
863930019711220
863930019594632
863930019272689
863930019279116
863930019282677
