9448439
101316346
101796171
9439449
9762675
9762744
5431772
9762426
9762444
9780902
9762518
9426657
9762545
9541065
5715275174
9762581
9762613
9761851
9761852
9583397
9214850
5845639016
9761971
5662602051
9762032
4113225
9762342
9762386
4534449
9762089
4130939
2856
9762148
6622250
5181235084
9304433
9712006
9762177
9762189
9762197
5558837545
9508588
9762715
9762718
9762795
9761792
3971583
1101693
101790275
9216861
5399886960
9447964
4654547623
4654941876
2465362696
9762024
5741561
9762364
9762067
11088058
5979390105
5213670278
68559173
6662172
9762276
9718235
5832816385
4172137
9453723
9762687
5327512443
9762431
6621912
4557115
9542591
4387958061
9762528
4546650
9761790
9456636
9761900
9462259
9443974
5845016807
62125372
9307285
9762315
9762323
9762053
9762064
9762115
4131794
5949938961
5651594130
9762165
5913456423
5681991800
5832291297
9305811
9594188
4551010
4042528592
9360643
9762742
9374421
9762464
9762473
9301528
4739247
9633867
4996965027
82650418
9635464
4388994683
9762037
4516954776
5832704245
9762017
3432574
5978898167
9762172
5343518238
1897916503
9762681
9762760
9762791
6622385
4731392
5341699596
9762541
9762547
9762560
9761803
9761877
4516985984
4042571533
9761989
4532277
9762401
9762412
9762065
5457586261
9627188
4739444
9762193
9426530
9762218
9762229
9426013
4655266798
9424014
9406788
5167838701
4516537443
9762693
5694163104
9203921
4170349
4115
9467023
9761841
101795112
9761881
4799618766
9761992
9516246
572813944
9762173
9762223
4654920286
9762252
9762313
9372793
5921719
4263536531
9762676
9762745
9762468
5979275377
9762546
9762557
9762616
9762639
4558641
9761813
9444614
9761970
83083816
3999271
6165188
91018362
10997429
9762363
3997290
1646668888
9502836
9379381
39720191
9762273
5489037505
4388998370
9513124
9719319
9762437
9757892
5638878113
91033163
4738859
4150986
9762498
9762504
4573104
4654675408
9761783
9761832
4654674684
9761865
4130548
9761903
9761914
9761962
9425234
4722128
9762038
3267236
5433221
4263628937
9762291
9762752
91015049
61901436
93941508
9361926
9377593
9451173
9761786
9761801
1140109
3930249
9761882
9587856
9762035
4264467363
9761972
3432011
4734375
9762345
9762083
3933272
4172080
4654814937
9762208
9762231
9762308
5656817930
4042058717
9762776
9762782
9762798
9762446
5222638
4654829160
9761873
9761889
9456802
9761980
9523322
9458857
9762240
50618206
9762267
9219230
5281349864
9762773
5860942115
9762481
5829246901
9464459
9762491
9433943
9469319
27168394
9762552
4388253630
9762592
9453251
9761811
9761831
10995972
9761964
4739845
4158293
631251595
4388472524
5578259869
9762004
9762013
5062115
2251605237
1529701
3938531
4388678502
5570484753
9762170
9452722
5322757
9371256
9203656
4799577467
9524218
9762729
9762741
4542774
5153640624
9213752
4733880
9762530
68352983
4143119
5167839966
5311851874
91027294
9762594
4111732
3957118
9712975
9762395
9762424
91049529
4517084955
5167833090
9762131
9527922
9423318
3621703
3842725
9762286
9762303
9762709
9762713
4654941483
9762453
9762486
9500830
9762534
9581676
9203040
5861180629
9761887
9761894
9761968
9203252
9762045
6453385
3976895651
9207156
9762343
9762397
9762398
9762075
4540457
4559388
9762154
3053120
4128
101789700
5879520266
9427734
9762716
3938971
75273831
9762514
9436860
9436269
9469562
102242405
9761816
9598393
9207936
9582671
9587892
3935087
9762328
9762334
9762339
9762054
9762060
5557166
9215284
9540904
9762132
9762190
9762274
9762707
9762751
4799423501
5322936
9761885
9582019
4388984619
9216066
9762329
9762336
9762081
9762112
9762126
5970811655
9210832
1010135
3035142
9762733
9762767
9400472
4737983
9782712
27812313
9762480
9211474
4731416
9762497
9761853
9761883
9541471
9762368
9762071
5822407
9463679
5845242827
4655512712
9367724
9762158
9762178
9762179
11086817
9762269
4190700
3841727
9762283
9762298
9762732
5552244
9300522
9762469
4558927
5845799822
9762516
4516388207
9622254
4737139
4516529717
9761956
9761959
9762040
9508010
4388610980
101790480
9762409
9762423
9254145
9212529
9218486
4403861
11088027
9592598
3367135
4552704
9762233
9715591
9762295
9762309
9544748
9762708
9762710
9762774
9762450
9762474
9218182
9762521
5694844007
4530540
4739081
4248
9762443
5322212
9762014
5061226
5848772859
9585466
9762181
9217338
9762217
9762253
4387775043
9401186
9762294
9762765
4150256
9591652
9423532
9762488
9446534
5817101723
5845659265
9222468
9634396
3050660
9762607
91048336
3930750
4746159
9762535
61402812
9378465
9761973
68103408
1173574
3938046
9308206
9214368
9762107
9762129
61606262
9762166
9762214
5165158
91035181
855156124
3463551
9762739
9762772
9762801
9762483
5832692867
9506582
9465736
9762511
9226159
1250559
9623564
4554273
9762540
9762781
9762789
