863930019272374
863930019273644
863930019273964
863930019274327
863930019274419
863930019274136
863930019274746
863930019275175
863930019276818
863930019276976
863930019277117
863930019277860
863930019524720
863930019526754
863930019284482
863930019284458
863930019284485
863930019285408
863930019286111
863930019329159
863930019343714
863930019353010
863930019367916
863930019366023
863930019394038
863930019426857
863930019433519
863930019468501
863930019461344
863930019700917
863930019281714
863930019282127
863930019282343
863930019282560
863930019282814
863930019283449
863930019283631
863930019284333
863930019531212
863930019532633
863930019525811
863930019684995
863930019685396
863930019329042
863930019329070
863930019333955
863930019559979
863930019685965
863930019493838
863930019653866
863930019429124
863930019464845
863930019459563
863930019426786
863930019434454
863930019450380