17769042
17769043
18235720
18235728
18235733
18235735
18235739
18235821
18235845
18235850
10223927
10223929
10223944
4619376
4619465
21485531
21485649
21404647
4296520
4296522
4296567
4296577
4296581
4296585
4296597
4296623
4296624
11130886
11131252
17291456
6265057
6265563
6297819
15825252
15825262
15825279
15825282
15825338
17477651
17477670
17478245
20766068
20766119
20489546
20489576
16862115
16862336
4621542
24089311
22870534
17072805
17073080
17073139
15706756
24195491
24195632
24197268
24198083
26656650
26656655
26656670
26656687
26656697
26656702
26656719
14500704
14299786
14299850
14299864
14299887
14299890
12748656
18721361
18721394
13657136
4168192
4168647
12749338
12749504
13103851
15404855
15404899
15404939
24927226
24927228
24927258
24927263
24927270
24927271
24927293
24927311
24927313
24927318
20301115
20301884
12137911
10223962
10223963
10223969
10223973
10223997
25053897
25053901
11241261
11241354
21083173
21083880
21084356
4630591
4630722
4630831
4631019
4631195
18505288
18505648
18505669
4906647
4906807
4907020
13881445
4298955
4298957
4298960
4298973
4299032
19031282
14028213
14128641
14128908
15094141
19045228
14129170
14129266
10270280
10270286
10270288
10270305
10270310
22849333
22849335
22849352
22849367
22849375
22849428
22849437
22849464
22849485
22849488
22403495
13426059
13426209
13426508
20778122
22414955
20779328
12928980
12928992
12929073
12929206
12929437
11603015
11603215
11603496
21828105
19853196
19853254
26656728
17658089
23865867
17659813
17659870
4515628
4515884
11009839
11010077
11010292
11010446
11010999
18735374
25289510
25289892
25289988
14301019
14301021
14301053
14301077
14301095
14301096
14301105
14301107
14301140
14301177
14301213
14301218
14301234
14301270
14301282
14301300
14301303
14301304
14301312
25290312
12762530
14306261
25412780
25412787
25412794
9815563
9815566
9815585
9815586
9815618
9815620
9815638
9815673
9815701
9815708
9815726
9815731
9815736
9815739
9815749
9815750
9815756
9815768
9815794
9815797
9815804
11105010
11105234
11105341
13130242
20308722
11105593
13131441
13131451
20308881
20309536
20188116
20188121
20188129
20188272
14150277
14150311
14150326
14150332
14150347
14150357
18202380
18202761
21101561
4558076
4558323
4558331
4558347
4558470
10004849
26688561
26688737
10005465
10005520
10005670
13630905
20934274
20934337
13632193
24194942
24195138
24195917
11259595
11259647
10270311
10270331
10270342
10270354
10270363
10270367
10270393
10270394
10270399
10270406
10270410
10270423
10270437
10270463
10270464
10270503
4143748
18700798
18701374
25256158
4144522
4144848
18701413
14153148
14153165
14153169
17889701
24677672
19135047
17889978
4483413
4483851
17642336
4484189
4484344
4484515
4484549
4484872
4484997
4485262
16733037
23848814
4485830
11701357
14905611
14906024
14906056
12427946
12427969
12428345
11724025
11724113
12491453
10357581
10357856
12941043
9988214
9988498
9988724
9988759
26376894
9724296
25412809
25412814
25412835
25412844
25412858
25412884
25412890
25412901
25412907
14306272
14306286
19569575
19569592
19569601
19569611
19569622
19569639
19569654
19569660
19569689
19569708
19569721
19569735
19569798
19569800
19569828
19569845
19569848
19569852
19569864
19569867
19569870
13646488
18203455
16907844
18204978
22941480
23314552
9628229
9628422
9628631
9628677
9371523
12218577
9655558
9655873
25703976
11260102
20526587
10248272
10248342
10248575
10248753
26426560
22074106
22074110
22074122
10165512
10166061
10166551
10166957
19228304
10167681
9926011
9926024
9926030
9926036
9926037
9926060
9926064
9926078
9926079
9926103
9926134
9926147
9926161
9926167
9926175
9926176
9926189
14415138
20181758
9813029
4229105
4229223
4229247
4229410
4229489
4229638
4229777
17601638
16690745
16690944
23099964
23100112
23100166
23100598
23467295
23467611
17045274
17045679
17045702
24068632
23467996
23468373
11878761
22774467
18572199
22774853
15551969
15553123
9726868
9726869
9726918
9727036
9727040
9727215
12354071
18457833
17376905
13231514
23382059
23382065
23382097
23382104
23382117
23382121
23382122
9740682
9740868
12367685
12367844
15567148
24306190
24306299
20432303
20432328
20432689
18458681
13232532
13232564
22971799
13646562
13646594
20173207
24746062
24746258
18252102
18252106
18252122
18252126
18252135
18252147
26340709
21614763
21614796
21614803
21614826
21614829
21614844
21614852
21614857
25704102
10008069
10008078
10008080
10008099
10008103
10008108
10008116
10008122
10008125
10008141
10008154
10008155
10008201
10008205
10008216
10008231
10008236
10008262
10008276
4889624
4890077
4890137
4890229
4890801
4890932
4891020
21530961
4874128
21518115
4184937
4185015
11651707
11651930
9926853
9926858
9926869
12096422
23804098
4206035
4206195
4206441
21936629
4205602
4239096
9823568
4239351
4239629
26249066
9823937
4240052
4240141
4240506
4240646
4240691
12895303
12895308
12895309
12895316
12895319
12895324
12895330
12895341
12895345
12895374
12895399
12895411
12895441
12895443
12895446
12895453
9727303
9727666
12354321
12354597
12354892
12354943
12355342
23816097
4218896
17614048
18243430
18244499
18478113
16784034
4760530
4760689
4761129
17695812
17696362
17696418
13377610
22213853
22213855
23112383
15698786
17056670
26412017
26706138
12368090
12368432
9741108
12369127
17102200
17102209
24122009
24122029
9547981
9548020
25038714
25038876
25039154
15733102
23512839
23512913
23513031
12945441
12945463
12945465
12945477
12945484
14857426
11650287
11650378
11650574
21614863
21614873
21614876
21614881
21614885
21614913
21614922
9848677
9848680
9848681
26507659
26507753
26507803
26507958
25626793
4486802
4487099
4487348
17646798
4487861
4488275
17647767
10647539
4875052
4300819
4300821
4300829
4300830
4300864
4300867
4300868
4300901
26690310
26690316
26690327
26690342
26690352
26690357
26690385
26690387
26690417
15827170
15827226
15827229
15827230
15827275
15827276
15827284
15827287
15827294
11359404
4206487
17602361
17602404
18833639
18834055
11692142
22390019
22390135
22390216
10025823
10026221
12743052
12743053
12743055
12743060
12743063
12743103
22404980
22405034
22405441
22405685
24938328
6291919
6292418
6292579
21462541
21463303
4591898
18042826
18042839
24820571
9717470
12349165
12349435
9718180
9718569
9718641
12349696
12350044
24294413
24294416
17057643
17057748
17058277
24081454
24081841
18303945
13078157
18304809
11031145
13079214
18305375
18305804
13265355
13858139
13858567
22704281
22704519
22704520
11149509
11149522
11149557
11149584
11149597
11149610
11149614
11683253
11683432
11685479
11686123
11686667
11686708
12402997
12403776
12404529
12404626
12404627
12405185
12405983
12406051
10410344
10410773
4111488
4111603
4111954
4112000
12562104
23675584
10411260
10411305
10411475
10412197
10412201
10412381
23675819
23675896
23676070
23676224
4112831
12562540
25213750
25214397
26494696
26494986
26495133
26495199
25626976
21593378
17121157
17121163
17121184
17121190
11782215
11782542
11782822
18919263
18919499
18919826
11783043
11783187
11784190
11784510
11784589
11785988
11786024
16843412
16843421
22405756
22405953
13487355
24940871
15554290
9728774
12355820
12356095
9729863
24294636
24294807
9735456
9735559
9736136
15561956
9736619
12363513
12363674
12363884
15561598
12970748
9944415
9944426
9944432
11149657
11149660
11149672
10238613
10238628
10238643
10635953
10635964
10635977
10636003
10636015
10636020
10636040
10636048
18635552
18635894
11149700
11149707
11149714
11149755
10241746
10241763
10241764
10241778
10241780
10241782
10241796
10241840
10241869
10241880
10241900
10241901
10241903
10241932
10241942
10241956
10241972
10241995
10242000
10242006
10242007
10242010
13668167
9613115
9613174
4629942
4629951
4629975
4629983
4629984
4630002
4630023
4630027
4630071
4630082
23306150
23306662
9619173
22177016
22177103
6351781
6361014
6361084
22177220
22177392
22177736
22177791
6377762
6377940
6377996
6378251
22192079
22192098
22192101
6217224
12461615
12461628
12461643
12461649
12461661
12461698
12461706
12461723
12461747
4207037
17603392
9512304
9512310
9512323
9512328
9512331
9512333
9512342
9512351
9512364
9512370
9512376
22302612
22303143
22156260
22156424
22156509
20674291
20674368
13319033
20675104
20675309
18571145
18571361
18571595
19251290
19251296
19251309
19251315
19251321
19251326
19251338
19251375
19251379
19251388
10241646
10241736
10241861
10241883
22076260
24190052
24190852
15389358
25053260
11492663
11492734
11493558
9944443
9944454
9944465
9944482
9944486
9944492
9944496
9944507
9944518
9944527
9944540
9944545
9944553
9944559
9944563
9944577
9944605
9944610
9944612
9944628
9944635
16844583
16844614
19900052
15561671
15561730
15561778
15561900
10242068
9542678
9542684
17097529
17097611
17097675
17097720
17097752
17097790
9542855
9542899
9543110
17098201
17098342
17171489
17171724
17171959
25937637
25937861
9843188
9843447
9843465
25104446
17172138
17172193
17172200
17172689
9848364
9848689
9848869
9848955
9849421
9849452
9849522
25115997
17183596
9619446
9619559
23306993
9620167
9620200
9620316
18085651
18085654
16455716
16455886
16456029
16456142
16456226
26218935
14298962
9793923
9512382
9512413
9512421
21888097
26704316
26412133
26412150
19251412
19896165
12996334
12996358
18226633
18226904
18227049
18575093
18575171
18575177
18575395
22778382
18575904
18576238
18576274
18576277
22779294
22779600
22779926
18577410
22780063
10254044
10254111
26434018
26434202
26708975
26709232
10255010
10255230
10255602
10255844
12393513
12394006
9769697
9770248
12394172
9575376
9575439
9575657
23540175
23540693
17132423
25905484
17133070
17133245
17133250
17133331
7463150
24750135
11413768
11413895
11413922
11414298
11414572
11414809
4852125
4852196
4852679
4852721
16846162
13008358
13008372
13008390
13008420
13008441
13008454
13008489
13008499
13008512
9567245
9567342
9567355
9567357
9567368
9567378
9567392
9567418
25057052
25057056
25057069
25057084
25057095
25057098
25057129
25057132
25057138
