851930404452683
863930019198431
863930016914221
863930016919882
863930016853155
863930014971327
863930014891406
863930014793157
863930014741021
863930014759104
851930401251885
851930401383136
851930401386875
851930401405504
851930401415208
851930401460205
851930404428203
851930404428720
851930404478937
851930404479047
851930404480158
851930404498568
851930404487784
851930404488246
851930404488528
851930404488549
851930404488652
851930404488666
851930404488989
851930404489112
851930404489122
851930404489136
851930404489138
851930404489175
851930404490065
851930404490111
851930404490115
851930404490126
851930404490376
851930404490461
851930404490496
851930404490499
851930404490587
851930404490617
851930404490624
851930404490656
851930404490704
851930404490750
851930404490771
851930404490789
851930404490795
851930404491139
910000000000073
910000000000091
910000000000093
910000000000111
910000000000113
910000000000115
910000000000121
851930404462831
851930404491202
851930404491206
851930404491232
851930404491385
851930404491419
851930404491475
851930404491570
851930404491572
851930404492703
851930404492707
851930404493156
851930404493313
851930404424281
851930404466964
851930404466973
851930404466991
851930404467420
851930404467427
851930404467486
851930404482257
851930404483414
851930404483529
851930404483787
851930404484142
851930404485397
851930404493352
851930404493434
851930404493484
851930404493563
851930404493595
851930404493671
851930404493778
851930404493795
851930404493840
851930404493883
851930404494880
851930404494888
851930404495037
851930404495042
851930404504426
851930404525572
851930404413895
851930404485564
851930404485629
851930404485793
851930404486051
851930404486085
851930404486137
851930404486221
851930404486238
851930404486299
851930404486325
851930404486331
851930404486541
851930404486666
851930404487047
851930404487160
851930404487199
851930404487243
851930404487247
851930404487265
851930404487283
851930404487301
851930404487319
851930404487337
851930404487394
851930404516080
851930404452683
851930404526645
851930404467962
851930404468162
851930404468802
851930404540202
851930404529140
851930404531304
851930404531573
851930404545236
910000000000021
910000000000263
910000000000061
910000000000201
910000000000382
910000000000384
910000000000401
851930404623084
851930404623930
851930404624377
851930404625383
910000000000349
851930404594935
851930404535018
851930404535830
851930404550336
851930404587442
851930404538745
851930404551859
851930404558824
851930404631578
851930404631709
851930404631780
208000008011135
208000008011153
208000008011206
208000008011212
208000008011214
208000008011216
208000008011218
208000008011220
208000008011232
208000008011235
208000008011336
208000008011367
208000008011468
208000008011569
208000008011770
208000008012312
208000008012338
208000008012373
208000008012392
851930404608734
851930404609061
851930404610297
851930404589560
851930404620889
851930404621454
851930404571190
851930401820340
851930401921879
851930401941830
851930401942374
851930401946229
851930401955648
851930401957581
851930402038677
851930401989582
851930402195137
851930402447613
851930402218046
851930402349216
851930402834127
851930404234905
851930403194932
851930404306117
851930404280962
851930401245297
851930404400383
851930401393764
851930401397282
851930401397393
851930401457856
851930404478631
851930404508921
851930404502330
851930404502652
851930404452169
851930404495012
851930404496855
851930404526663
851930404507035
851930404507499
851930401721209
851930404540080
851930404593775
851930404585436
851930404535789
851930404589036
851930404631062
851930404528415
851930404536052
851930404631592
851930404631754
208000008011112
208000008011115
208000008011132
208000008011222
208000008012296
208000008012314
208000008012316
208000008012332
208000008012334
208000008012336
208000008012352
208000008012354
208000008012412
208000008012414
208000008012432
208000008012434
208000008012436
208000008012438
208000008012472
208000008012474
208000008012492
208000008012512
208000008012532
208000008012552
851930404589863
851930404589904
851930401834423
851930401841974
851930401874268
851930401912352
851930401910043
851930401932452
851930401910898
851930401924067
851930401928564
851930401928567
851930401922598
851930401931145
851930401938101
851930401940108
851930401909803
851930401911720
851930401916046
851930401934378
851930401936651
851930401945179
851930401990880
851930404238059
851930404242505
851930404241127
851930404241130
851930402827858
851930402834517
851930402811353
851930404237740
851930404239713
851930404239919
851930404251524
851930404252877
851930404292815
851930404255361
