863930015210611
863930015212311
863930016323890
863930016323911
863930014926597
863930014945256
863930016906701
863930016350559
863930015793351
863930016892550
863930016893930
863930015907812
863930015907941
863930016277527
863930016277583
863930015223968
863930015209052
863930015026706
863930016893939
863930016280651
863930016282428
863930015026767
863930015024969
863930017611132
863930016271086
863930016270577
863930015214520
863930015216443
863930016113688
863930016113734
863930016113738
863930016115479
863930015040086
863930016108365
863930016108402
863930015951630
863930017624936
863930015975995
863930017643771
863930014859928
863930014861711
863930014839675
863930014839717
863930016151575
863930016149301
863930016149348
863930017825327
863930016158295
863930017624441
863930015974205
863930017624943
863930017623289
863930015936582
863930015933159
863930017828710
863930016142870
863930017838096
863930017842109
863930016138610
863930016205632
863930016207344
863930016207351
863930016207369
863930016210041
863930016192551
863930016178921
863930016173595
863930015610205
863930017237863
863930017242647
863930016254839
863930016254875
863930016249633
863930016249662
863930017232035
863930017207987
863930016254550
863930016254583
863930016256284
863930017787428
863930016116928
863930016113744
863930014954624
863930017320308
863930017320369
863930017321725
863930017308961
863930016741161
863930016741190
863930016742576
863930014954637
863930014954672
863930017108010
863930017329957
863930016744077
863930015522675
863930015538785
863930015538804
863930015521369
863930015522620
863930015543085
863930015636271
863930015486390
863930015516206

863930015902730
863930015912689
863930016277831
863930017589867
863930017607604
863930017589823
863930016878982
863930016880670
863930015205089
863930017618566
863930017607349
863930015231158
863930015226845
863930015726638
863930014957843
863930016854884
863930016856344
863930016244632
863930015621530
863930015621537
863930015579560
863930015595574
863930017183221
863930016249926
863930016266154
863930015585780
863930015585793
863930016249550
863930015621084
863930015597551
863930017219560
863930017228462
863930014794709
863930014794643
863930014796451
863930014796457
863930014842475
863930014842496
863930014844128
863930016589348
863930016382963
863930016397931
863930016587752
863930015262893
863930015262980
863930015264649
863930016253329
863930016253360
863930016255055
863930017180484
863930016254478
863930015569679
863930015571454
863930015606350
863930016272336
863930014865287
863930016573920
863930016473449
863930014865378
863930014850305
863930016573924
863930016573944
863930016575479
863930016406772
863930016370521
863930016370663
863930017673222
863930015621543
863930015601184
863930017193793
863930017193875
863930017193998
863930016911130
863930016909700
863930016911107
863930016268854
863930016270609
863930015214543
863930017815477
863930017816353
863930014851010
863930014851021
863930014851053
863930014854548
863930017639273
863930017639359
863930017645089
863930016169292
863930016170942
863930016171038
863930016172246
863930016172292
863930017624400
863930016568833
863930015550399
863930015546911
863930015506359
863930015506367
863930015506378
863930015525647
863930015561319
863930015561385
863930015558740
863930016570359
863930015532656
863930015532667
863930015546418
863930015546477
863930015546515
863930015550458
863930015508107
863930015508119
863930015508192
863930015183782
863930015183738
863930015183763
863930015185508
863930017126173
863930017322145
863930017325915
863930016752097
863930017326346
863930016753014
863930015663366
863930015492595
863930015489239
863930015653078
863930016643187
863930015496147
863930016065236
863930016066945
863930016078427
863930014760752
863930014774084
863930014774108
863930016644710
863930015502663
863930016044020
863930016045717
863930016069178
863930016741827
863930014781478
863930014781505
863930016659635
863930018202518
863930015234601
863930015246979
863930018180741
863930018175383
863930016432879
863930016017945
863930016038581
863930016038593
863930014855263
863930014857047
863930014858745
863930015672613
863930015674282
863930015663305
863930016997046
863930016736910
863930016073259
863930016043954
863930016071472
863930016071483
863930014768901
863930014768817
863930016641614
863930016201689
863930016203415
863930016036343
863930016038059
863930016193511
863930016030985
863930016031031
863930016031054
863930017625761
863930017208704
863930016190356
863930016387967
863930014840351
863930016589074
863930016015067
863930017631136
863930017636374
863930017638711
863930016779691
863930016779717
863930016545386
863930016785528
863930016550519
863930016489598
863930016489623
863930016512975
863930015075586
863930015544588
863930016613867
863930016491245
863930015075563
863930015075606
863930015567413
863930016613792
863930015491440
863930016519162
863930016519173
863930016517369
863930016543065
863930016707812
863930016709270
863930016781354
863930016545449
863930016545475
863930016545430
863930016545434
863930016547072
863930016785563
863930015074204
863930015542806
863930016612636
863930015488036
863930015072477
863930016489708
863930016489752
863930015074226
863930015674098
863930015446848
863930015188524
863930016021768
863930015360814
863930015540042
863930015538210
863930016299347
863930016299383
863930015741177
863930015742942
863930015742989
863930015347100
863930015872223
863930015347944
863930016036772
863930015359002
863930015428328
863930015355325
863930015745661
863930015745706
863930015749210
863930016316139
863930016316045
863930015854880
863930015366938
863930015368686
863930015750979
863930016557136
863930016777918
863930016038695
863930015349646
863930015428269
863930016217064
863930015368832
863930015368837
863930015741111
863930016307413
863930016309094
863930015360050
863930016319915
863930016320260
863930016309049
863930016853537
863930015227522
863930015227525
863930016338033
863930016338070
863930015021347
863930015021375
863930015024897
863930015922865
863930016277765
863930015225714
863930015225739
863930015225799
863930015225801
863930015902708
863930015904420
863930017589828
863930017599922
863930016869853
863930015226842
863930015228593
863930015206755
863930015208436
863930015728453
863930015728472
863930015724940
863930016273615
863930015231647
863930015231648
863930015223767
863930016329231
863930016323982
863930015726661
863930015728462
863930015225768
863930015021357
863930015021369
863930015021405
863930015023170
863930015021383
863930016887921
863930015922837
863930015210478
863930016347721
863930014940784
863930016906565
863930016887699
863930016889381
863930015732728
863930016243554
863930016374013
863930015802783
863930016814005
863930016818244
863930017108103
863930016708771
863930017318183
863930017327085
863930016705822
863930014978984
863930014978997
863930014979028
863930015016979
863930015018712
863930016886254
863930016887907
863930015921030
863930015921054
863930015922850
863930016277302
863930015212488
863930015210662
863930016331075
863930015726620
863930016273786
863930016239868
863930015597743
863930017252677
863930016183916
863930016163962
863930016163971
863930017622716
863930016203805
863930016189115
863930016179829
863930016179873
863930016179885
863930016162134
863930016165738
863930017803602
863930016904690
863930016888307
863930016152183
863930017799559
863930017812135
863930016889978
863930016133917
863930016202041
863930017620890
863930017620896
863930017209568
863930016252708
863930015569667
863930015569690
863930015569742
863930017183322
863930017201878
863930015617805
863930015617821
863930015619493
863930015619513
863930014849057
863930016462315
863930015273600
863930015273637
863930015269970
863930017841298
863930017818017
863930017818062
863930016181398
863930016185657
863930016167537
863930016169225
863930017624459
863930015615944
863930017241303
863930017254023
863930017267055
863930015606690
863930015608384
863930015610157
863930017180533
863930016265901
863930016252722
863930015611746
863930015587598
863930017261117
863930015597647
863930015975950
863930015955075
863930015953309
863930015977591
863930016722651
863930015542932
863930015563547
863930017160627
863930017316865
863930017330052
863930016741116
863930017330098
863930016723793
863930016723845
863930015536146
863930015075660
863930015544677
863930016722671
863930015067356
863930015509943
863930015545066
863930015546774
863930015509939
863930015442145
863930015440237
863930015440241
863930015659610
863930015442059
863930015445555
863930017110153
863930017129403
863930017134099
863930017321701
863930016734858
863930016736286
863930016736337
863930014967840
863930014967871
863930014967912
863930016188653
863930016200041
863930016038039
863930016039788
863930017638715
863930017638864
863930016201724
863930016201726
863930016203482
863930016209561
863930016018178
863930015247015
863930015241526
863930016432886
863930016418323
863930016420019
863930016198307
863930016034509
863930015581890
863930015583537
863930016582421
863930015282869
863930015284584
863930015260898
863930014860544
863930016582491
863930016584149
863930016584155
863930015262650
863930015266110
863930015672632
863930017006999
863930017007987
863930015496167
863930016740347
863930016073224
863930014760762
863930014762106
863930014774118
863930015502694
863930015502711
863930015236329
863930015238020
863930016431188
863930016431217
863930015246977
863930015247008
863930014862311
863930016780122
863930016836189
863930015262633
863930014862398
863930016585824
863930016787231
863930018182258
863930018175426
863930015249363
863930016432858
863930016430651
863930015247025
863930018186805
863930018188330
863930018188383
863930015245274
863930015247011
863930016658143
863930016656555
863930015497978
863930016738898
863930016743268
863930016552181
863930016554025
863930016555645
863930016557300
863930015538668
863930015551755
863930015541669
863930015500269
863930015498502
863930015498510
863930015083933
863930015542957
863930015446916
863930015651249
863930016532079
863930016533784
863930016533840
863930015438413
863930015440311
863930015657995
863930015198207
863930015195094
863930017078727
863930017100756
863930016952190
863930016955000
863930017487978
863930016687817
863930016690903
863930015674016
863930015661403
863930015198193
863930015199843
863930017304567
863930016685732
863930016941655
863930015567523
863930015567540
863930015504663
863930015506347
863930015559671
863930015506406
863930015532635
863930015065565
863930015089323
863930015453495
863930015445599
863930015178478
863930015328257
863930015330047
863930016550293
863930015918516
863930016548592
863930016548602
863930015520804
863930016020310
863930016021845
863930016858717
863930016857624
863930015333532
863930015334816
863930015910605
863930016781214
863930016553815
863930015912366
863930016782617
863930016785154
863930016777668
863930016553781
863930016553801
863930015735971
863930016307429
863930015347074
863930016314384
863930015369506
863930015345923
863930015407335
863930016041666
863930016041670
863930016861842
863930015520763
863930015520786
863930016308753
863930015229093
863930016363363
863930015802890
863930015806314
863930016826044
863930016365118
863930016365142
863930015801529
863930016813965
863930016813993
863930016814024
863930016821259
863930015210489
863930015210535
863930015227307
863930016908630
863930016895621
863930016274013
863930015225580
863930016277244
863930015222506
863930016723143
863930014959833
863930014957871
863930017103020
863930017117812
863930017312837
863930016704335
863930017614420
863930016862758
863930016862811
863930016862831
863930015210125
863930016895643
863930016896989
863930016273743
863930015229042
863930014945259
863930014945261
863930014945297
863930016898415
863930016901249
863930015732770
863930016266409
863930015215854
863930016355862
863930016355936
863930015811578
863930015813260
863930016352291
863930016354002
863930016354044
863930017315989
863930016711765
863930014959788
863930014959808
863930014961527
863930014961549
863930014969291
863930015977682
863930016187400
863930016157975
863930016193952
863930016167516
863930017622718
863930017624454
863930017267150
863930016399519
863930016589347
863930015173726
863930016924585
863930016288809
863930016338336
863930016339534
863930015162168
863930015919489
863930016267265
863930016268933
863930014796466
863930014798295
863930015875077
863930014811040
863930014811097
863930014825155
863930016451479
863930016277769
863930016279472
863930016346075
863930016331362
863930016919872
863930016281293
863930016282937
863930016333155
863930016334925
863930015175446
863930015175465
863930016106533
863930014896889
863930014898587
863930017773127
863930015017465
863930016101364
863930017770561
863930015909910
863930016273864
863930016271043
863930015224207
863930016336694
863930015151617
863930015173719
863930016270568
863930016270656
863930016272331
863930015214516
863930015216474
863930016329487
863930016927444
863930015916005
863930016346152
863930016346155
863930016322667
863930016324470
863930016911112
863930016911156
863930016912608
863930015924864
863930015895348
863930015895349
863930015897042
863930014814551
863930016252309
863930015611667
863930017227162
863930017229104
863930016258607
863930016258608
863930016381479
863930014845958
863930016572356
863930015275334
863930014850344
863930014847706
863930016572294
863930016705028
863930016704969
863930016705017
863930017320604
863930016752082
863930016750976
863930014954752
863930017115001
863930014976719
863930015445675
863930015456061
863930015654612
863930016526073
863930015455971
863930015449981
863930015667777
863930015667805
863930015669039
863930015669042
863930015187288
863930014973262
863930017319541
863930017124780
863930017317549
863930016737742
863930016734888
863930016080163
863930016080206
863930015239715
863930016431123
863930015248698
863930016430763
863930017201603
863930015585484
863930015587190
863930015584245
863930017218419
863930016247340
863930014860616
863930014862366
863930014862373
863930016584173
863930016585838
863930015260843
863930015264410
863930015266112
863930016397660
863930014862379
863930016584166
863930016585755
863930017024198
863930016735508
863930016643134
863930016738411
863930015501313
863930015501398
863930016060002
863930016738374
863930016738355
863930015243942
863930015260043
863930018183660
863930015258971
863930015260594
863930016048110
863930016697856
863930016087965
863930014779458
863930014779533
863930014757827
863930014757850
863930016407124
863930015240838
863930018183652
863930018185330
863930018186865
863930015256298
863930015234618
863930015236319
863930015242580
863930015253959
863930018203928
863930017641563
863930017646162
863930015490879
863930016065992
863930016067719
863930016067738
863930016067787
863930016043971
863930016735487
863930016736947
863930016071446
863930016093268
863930016095022
863930016738413
863930015243960
863930015243961
863930015180329
863930015091847
863930015091903
863930015091916
863930015543006
863930015553912
863930015498470
863930015498534
863930015078613
863930015558244
863930015558253
863930015453387
863930016530365
863930015443838
863930015445512
863930015676442
863930015193516
863930015195108
863930015196625
863930017069090
863930017083451
863930016689323
863930017078744
863930017091802
863930017090806
863930016720033
863930016555703
863930015538664
863930015538677
863930015538689
863930015519501
863930015561381
863930015563054
863930015563065
863930015551740
863930015551751
863930016940334
863930016945983
863930017082804
863930017072404
863930017298450
863930016695283
863930015739454
863930015736040
863930016314311
863930015371385
863930015352155
863930015371480
863930015356550
863930015356569
863930015356573
863930015745566
863930015345975
863930015410785
863930016025142
863930015364278
863930015412112
863930016026225
863930016027918
863930016027983
863930016858791
863930016849183
863930016851967
863930016852000
863930015365396
863930015741245
863930016310905
863930016553775
863930016553792
863930016782640
863930016784069
863930016557073
863930016310867
863930016307410
863930015353990
863930015355281
863930015739407
863930016309169
863930016312588
863930016312591
863930016312638
863930015348812
863930015350440
863930015359050
863930015360713
863930015409070
863930016026884
863930015360815
863930015409001
863930015409077
863930015409083
863930016026475
863930016023744
863930016023797
863930015367872
863930016859887
863930016861770
863930015350413
863930015350419
863930015227501
863930016272066
863930015205541
863930016324030
863930016895625
863930016897037
863930016273783
863930016250059
863930016325721
863930016357170
863930015804613
863930015806415
863930015808085
863930016818267
863930017104399
863930017116796
863930016841783
863930016841792
863930016856375
863930017618567
863930016877458
863930016879037
863930016879081
863930017617488
863930017602942
863930016866902
863930015207195
863930014943514
863930014943508
863930015726623
863930015726634
863930015728419
863930016281041
863930016278960
863930015728497
863930015229062
863930016342237
863930016343882
863930014940860
863930014942100
863930014942121
863930014942180
863930016892362
863930015726692
863930015728456
863930016271930
863930016275423
863930015205529
863930016329221
863930016342411
863930015016901
863930015016949
863930015018697
863930015907766
863930015922685
863930016275477
863930016275502
863930016275531
863930015219401
863930015221119
863930016893709
863930016893714
863930015718734
863930015720506
863930015223756
863930016337868
863930016347699
863930014939024
863930014940858
863930015723557
863930015270016
863930015279782
863930014923335
863930014917177
863930014917205
863930017787349
863930015018830
863930015017491
863930015017546
863930014920755
863930015211056
863930015175819
863930015175822
863930015176207
863930015909942
863930016268887
863930015212817
863930015214542
863930016327743
863930016329473
863930015153421
863930015155108
863930014849035
863930014865296
863930016592677
863930017208192
863930016258354
863930016258370
863930016260090
863930016256231
863930015269973
863930016388324
863930016397509
863930016397554
863930014845969
863930014847655
863930014847662
863930014849025
863930016834416
863930016483975
863930015277062
863930015278381
863930015278441
863930017756001
863930017766664
863930017760529
863930016104907
863930016106608
863930017783879
863930017736999
863930015014003
863930015015719
863930015015737
863930016108367
863930016104834
863930014921116
863930016275969
863930016277814
863930015229522
863930016331382
863930015173635
863930016927465
863930015904723
863930016270371
863930016272081
863930016272086
863930015226012
863930015227703
863930015173686
863930015170143
863930016919846
863930016921304
863930016921338
863930016888386
863930016239616
863930015601192
863930015578015
863930017206967
863930017207115
863930017207353
863930017195937
863930015621922
863930014849064
863930014865384
863930015447004
863930015448201
863930015664858
863930016535464
863930016533767
863930016533824
863930015180286
863930015188630
863930014964383
863930017172702
863930015529075
863930015529129
863930015065587
863930015488098
863930015455979
863930015431504
863930015664782
863930016519245
863930015448150
863930015676632
863930016537197
863930015183794
863930015182020
863930015182019
863930017314528
863930017315949
863930015486423
863930015563568
863930015565291
863930015493299
863930015495067
863930015532625
863930015072588
863930015559684
863930015541637
863930015541668
863930015541680
863930018179117
863930015258972
863930015260645
863930016413784
863930016413852
863930016777166
863930015276713
863930015286682
863930015237948
863930016425047
863930015243931
863930018205567
863930018205537
863930015241488
863930015258587
863930016426754
863930016428537
863930015253947
863930018213306
863930016193380
863930016183452
863930016183500
863930016029175
863930016036210
863930016056997
863930016736969
863930016738606
863930014765833
863930014765695
863930014765711
863930016644685
863930016644774
863930016625090
863930016064340
863930016738332
863930016431179
863930015260095
863930018158025
863930018183676
863930015260657
863930015258145
863930015234523
863930016412074
863930016413781
863930016408862
863930015245201
863930016035131
863930016036355
863930017627492
863930016209589
863930016196504
863930016183466
863930016029144
863930016037923
863930017641567
863930017642946
863930016209596
863930016194746
863930016940312
863930017289352
863930016695303
863930016712305
863930016712238
863930015448142
863930015448213
863930015449924
863930015449925
863930015667708
863930015667720
863930015185454
863930015188605
863930015187191
863930015189866
863930017080204
863930017276877
863930017302305
863930016679742
863930016940296
863930016496669
863930016496707
863930016513075
863930015072407
863930015551672
863930016538851
863930016538862
863930016538868
863930016538869
863930015661358
863930015661378
863930016527347
863930016519118
863930015438371
863930016955009
863930017069784
863930017099743
863930016693803
863930016940307
863930016947390
863930015189930
863930017095916
863930017101550
863930017287446
863930017277444
863930017302245
863930016948764
863930016940293
863930016713692
863930016713739
863930016722542
863930015742959
863930016312630
863930016319465
863930016037434
863930016037011
863930015364442
863930015413391
863930015413412
863930016029977
863930015347863
863930015412149
863930016847691
863930015336169
863930016779355
863930016558815
863930016558838
863930016299412
863930016300995
863930015538252
863930015739431
863930015739461
863930015760532
863930016025056
863930015407306
863930015409020
863930015410771
863930015347738
863930015410759
863930015410823
863930016847702
863930015337861
863930015334874
863930015334854
863930015334858
863930015343910
863930015343914
863930016350318
863930015798435
863930015798439
863930015800206
863930016811166
863930016373985
863930015802689
863930017312335
863930016710276
863930016705799
863930014957986
863930014976513
863930017126516
863930017129779
863930017108394
863930017120511
863930016273755
863930016273766
863930016266316
863930015205537
863930014943509
863930014943521
863930014945223
863930014945252
863930016355482
863930016355497
863930016357192
863930015804607
863930016819804
863930016847780
863930015922817
863930015926361
863930015227500
863930015209002
863930015209042
863930016345946
863930016322461
863930016324176
863930016897332
863930016898716
863930016900090
863930016900136
863930015926427
863930015902709
863930015223962
863930017614416
863930017591528
863930016880765
863930016862745
863930015228603
863930016334567
863930016337944
863930016894245
863930016292264
863930015210743
863930016334595
863930015220744
863930015221998
863930017617473
863930016875936
863930016883391
863930015226866
863930016886066
863930017613521
863930017613544
863930015225055
863930016573952
863930016456305
863930016406800
863930016374109
863930017673201
863930017673248
863930016110226
863930016110269
863930014918940
863930014900363
863930017739839
863930015035105
863930015017467
863930015017518
863930015017533
863930016106467
863930016452803
863930016448447
863930016357818
863930016454482
863930016454547
863930016357886
863930016354236
863930015171906
863930015178125
863930015178131
863930015929289
863930015949811
863930015951546
863930017643817
863930016381520
863930014847686
863930015273550
863930015013991
863930015015711
863930015015761
863930016108337
863930016104833
863930014921530
863930014923233
863930014918938
863930015017449
863930015017503
863930015017541
863930015018785
863930015018792
863930015018841
863930016110305
863930016927467
863930015221618
863930016333156
863930016322684
863930015173674
863930015170110
863930016921292
863930015018887
863930016108357
863930014908345
863930014920774
863930015035198
863930016112038
863930016112079
863930015912974
863930016271088
863930016270579
863930016272343
863930015218139
863930015155191
863930016912660
863930016915480
863930015902873
863930016272379
863930016275789
863930016346164
863930017821582
863930014858122
863930016246586
863930015599394
863930017242795
863930017235046
863930017236012
863930016521030
863930016522613
863930015450007
863930015670810
863930016537205
863930015074375
863930015091945
863930015634976
863930015650412
863930015512469
863930015510834
863930015534387
863930015534450
863930015544680
863930015544752
863930015541633
863930015543439
863930015512756
863930016527358
863930016535528
863930015451684
863930015438485
863930015438547
863930015193616
863930015196716
863930015196729
863930015196755
863930015488115
863930015550102
863930015558721
863930015523927
863930015078820
863930015558373
863930015635016
863930015635035
863930015523922
863930015451750
863930015431513
863930016194748
863930016203551
863930016019812
863930015587194
863930017181387
863930016253913
863930016255658
863930015585979
863930017199085
863930017193315
863930017193381
863930017193409
863930015592857
863930017184345
863930017187150
863930017020540
863930018183814
863930015258559
863930015254742
863930015256435
863930016433044
863930015250458
863930018180757
863930018159642
863930015590610
863930015592393
863930017225878
863930017181468
863930017187015
863930016250637
863930015595283
863930017181685
863930018179205
863930018175373
863930015236336
863930015247702
863930016431253
863930016418289
863930015246982
863930018170902
863930016198262
863930016016201
863930015431742
863930015658165
863930017023623
863930016992719
863930015509269
863930016057114
863930016053842
863930016682372
863930016685412
863930016086237
863930016086174
863930014776669
863930014779441
863930014779530
863930015499600
863930015501305
863930015501319
863930016051609
863930016053426
863930016053429
863930016552230
863930016547129
863930016781503
863930015072474
863930015564837
863930015564861
863930015493154
863930016512982
863930015074164
863930015553453
863930016949693
863930016932921
863930015555211
863930015567811
863930015567841
863930015567858
863930015493103
863930015493115
863930015494929
863930016492992
863930016494688
863930015433092
863930015664750
863930015651214
863930016528618
863930015652910
863930015188620
863930015203554
863930016941681
863930017090632
863930017298267
863930017288492
863930016682678
863930015199777
863930017131377
863930017317112
863930014961705
863930014969484
863930017127506
863930016713263
863930014964296
863930014964382
863930016555461
863930016555494
863930016555510
863930016558812
863930015737745
863930015739462
863930015741165
863930015741263
863930015742953
863930015347070
863930015363556
863930015349480
863930015351047
863930015428270
863930015413465
863930016314397
863930015365433
863930015353824
863930015355148
863930015348819
863930016853453
863930016856220
863930016849136
863930016558741
863930016026868
863930015408998
863930015409038
863930015407266
863930016028138
863930015367874
863930015369652
863930015407269
863930016859943
863930016861769
863930016779454
863930016779481
863930016568205
863930016558837
863930016782336
863930016299403
863930016315699
863930015871829
863930015871860
863930015872233
863930016350822
863930016370374
863930015802713
863930016705775
863930014976591
863930017116216
863930017107658
863930016716557
863930014978953
863930017107699
863930017110533
863930017310613
863930017313461
863930016901475
863930015919285
863930015922884
863930016268813
863930016334636
863930015924662
863930016294832
863930015207427
863930016349985
863930015218930
863930015231132
863930015231155
863930016847863
863930014959832
863930016704348
863930016704385
863930017115610
863930017103010
863930017103023
863930017317815
863930014979226
863930014964233
863930014961518
863930016357466
863930016323971
863930014951380
863930014942162
863930016890974
863930016892320
863930015732803
863930015722207
863930015722218
863930015723559
863930015212253
863930015214014
863930015021420
863930016900114
863930015926435
863930016277826
863930016279491
863930015224036
863930015224047
863930016324184
863930016344151
863930015024950
863930015023145
863930017254135
863930017263686
863930017231911
863930016254884
863930016203851
863930016158650
863930017622663
863930017622692
863930016198553
863930016158630
863930016257962
863930016261886
863930015608112
863930015609797
863930015619558
863930017220510
863930017228441
863930016259769
863930016261472
863930015621301
863930015597746
863930017235516
863930016261544
863930016241294
863930017207271
863930017216750
863930015277132
863930015278388
863930015278421
863930016397829
863930016390033
863930016391789
863930014865316
863930016573982
863930016370599
863930016372351
863930016372383
863930015017527
863930014896911
863930017783434
863930015018852
863930014903929
863930014921121
863930014908284
863930017779243
863930017766557
863930017821580
863930014856352
863930014856370
863930014858077
863930014858091
863930017834409
863930014858162
863930016144060
863930016203842
863930016160356
863930017620930
863930017622665
863930016198607
863930016185645
863930016162136
863930016176373
863930017624414
863930017620922
863930016205598
863930016200356
863930016202131
863930016203828
863930016176995
863930017207966
863930017204640
863930017204901
863930017183301
863930016251519
863930017209047
863930016250855
863930016250877
863930016250883
863930016570360
863930015530918
863930015074281
863930015529100
863930015065615
863930015067383
863930015561751
863930015561775
863930015486415
863930015486424
863930015529166
863930015529169
863930015530852
863930016532021
863930015449899
863930015676579
863930015676641
863930016710890
863930017322745
863930016753041
863930016753056
863930014973145
863930017126873
863930017320511
863930016710915
863930015512764
863930015514539
863930015559742
863930015561513
863930015544818
863930015506487
863930015091999
863930015544832
863930015555647
863930015674133
863930016699093
863930016680896
863930014759327
863930015492484
863930015494249
863930016780558
863930016780151
863930015267884
863930015269679
863930016246597
863930015587574
863930015585344
863930017187087
863930017219921
863930015585361
863930015587090
863930015572784
863930017209913
863930015576160
863930015595178
863930015668000
863930016994472
863930017005134
863930016421775
863930015246948
863930018191317
863930018165045
863930018192969
863930016423485
863930015284594
863930016382679
863930016399104
863930016400910
863930014858842
863930016582468
863930016582411
863930016596287
863930015260859
863930016400929
863930016358185
863930014856990
863930014858766
863930014860518
863930015676838
863930016196382
863930016263063
863930016263099
863930015589349
863930016241146
863930016244517
863930017210474
863930016250719
863930016250823
863930015595120
863930014864938
863930014864453
863930016590559
863930016837829
863930016782023
863930016782048
863930015274944
863930015274948
863930015274924
863930016397381
863930016397398
863930016389602
863930016593877
863930015276696
863930016393051
863930015255706
863930015252126
863930016721453
863930016941652
863930016941656
863930017087810
863930017073489
863930017303066
863930016690858
863930016721486
863930016720037
863930016723746
863930016724637
863930016552210
863930015438358
863930015456010
863930015652909
863930016524225
863930016533791
863930016535488
863930015456051
863930015438444
863930015670655
863930015657974
863930017506053
863930016699437
863930016699448
863930015346918
863930015371289
863930015356435
863930015741210
863930015743028
863930015874211
863930015874255
863930015872238
863930015353939
863930015744372
863930015334782
863930015343963
863930015334857
863930015336140
863930016568141
863930016568208
863930016568600
863930016310596
863930015538219
863930016302782
863930016299319
863930015530391
863930015532152
863930015874295
863930015355224
863930015355238
863930016859934
863930015333492
863930015336116
863930015336131
863930016568572
863930016780983
863930015528667
863930016902878
863930016290405
863930015215479
863930017591593
863930017597255
863930016864184
863930015229109
863930016343887
863930014951337
863930016892370
863930015726647
863930015223765
863930016330910
863930016324006
863930014943445
863930015808090
863930015802846
863930015802848
863930015802855
863930015806305
863930015809820
863930017133128
863930014962806
863930014965993
863930014966008
863930017130690
863930017113343
863930017311981
863930017312027
863930014967825
863930015229067
863930015229018
863930014942122
863930014942163
863930014942181
863930014951347
863930016892321
863930016892326
863930016887761
863930015726641
863930016277198
863930015806097
863930015808162
863930016824357
863930016357239
863930015806414
863930015808122
863930016819821
863930017598199
863930015223342
863930015223349
863930016373624
863930015817582
863930015800054
863930015800056
863930016812563
863930014957998
863930014958012
863930014958017
863930017120843
863930017110655
863930017311025
863930016252631
863930015619452
863930016377823
863930014845871
863930014847723
863930016589411
863930016488199
863930016473474
863930015275407
863930016397844
863930016390050
863930016391725
863930016391754
863930016391787
863930014849078
863930014865301
863930016408501
863930016370697
863930017674687
863930015597704
863930015599453
863930015599495
863930016261904
863930015608042
863930015608058
863930016167076
863930016160429
863930017646569
863930015623675
863930017207374
863930017195873
863930017224984
863930015587830
863930017230332
863930017231157
863930016265851
863930016250920
863930015621985
863930015569338
863930017205967
863930017218682
863930016246085
863930015571095
863930015264720
863930015266450
863930014844186
863930014842518
863930016483959
863930017803401
863930016141253
863930016205648
863930016207338
863930016187453
863930016170189
863930016170218
863930016170612
863930017636617
863930017620950
863930016200300
863930017645103
863930017645154
863930015013911
863930016099610
863930016099636
863930014920607
863930017755972
863930017788342
863930015013976
863930016519221
863930015445693
863930015190054
863930015187359
863930017126679
863930017116056
863930017111918
863930017135636
863930017318481
863930014969584
863930016707870
863930016707937
863930016709324
863930016712399
863930016712405
863930015436805
863930015656278
863930015657966
863930016522630
863930015669108
863930015652838
863930015652895
863930015188686
863930015203681
863930015529151
863930015530905
863930015069130
863930015070777
863930015555364
863930015563227
863930015561832
863930015563529
863930015070824
863930015072559
863930015559678
863930015548573
863930015550252
863930015550263
863930015543347
863930016535524
863930016537252
863930015445650
863930015674027
863930016533769
863930015442079
863930015183801
863930016263244
863930016264339
863930015587447
863930016240693
863930016781895
863930015282853
863930015288760
863930016356407
863930016391532
863930015260810
863930016405151
863930015674291
863930016186950
863930016187003
863930016187033
863930017640057
863930017641514
863930016203407
863930016190369
863930016024972
863930016025013
863930017624021
863930015438651
863930015654800
863930015654823
863930015676760
863930015435167
863930015435213
863930015433433
863930015665025
863930017017577
863930016998550
863930015509284
863930016354852
863930014855273
863930016594318
863930015287149
863930016393314
863930014856974
863930016594677
863930016783312
863930015284625
863930015284626
863930015670959
863930015670963
863930015670981
863930016995950
863930016185265
863930016017912
863930016017931
863930016203406
863930016205167
863930016025016
863930017622217
863930017622232
863930017622237
863930016190390
863930015654782
863930017003937
863930017025703
863930015433422
863930015433435
863930015663381
863930016722565
863930016713745
863930015493151
863930015494960
863930016491341
863930015091851
863930015555246
863930015555271
863930015555182
863930015567788
863930015491461
863930016494674
863930016494695
863930016494765
863930015433156
863930015440249
863930015651215
863930016724600
863930016548779
863930016784644
863930017071037
863930017288847
863930017302294
863930016679739
863930016712319
863930016713775
863930016715192
863930016781361
863930016777990
863930016552183
863930016611471
863930016612646
863930015491415
863930017278177
863930017302429
863930016948791
863930015871786
863930015871858
863930015741203
863930015744294
863930015872248
863930015872224
863930015872273
863930015356512
863930015347179
863930016299555
863930016299571
863930015418769
863930016035246
863930016038524
863930015418744
863930015413424
863930016020327
863930015528692
863930016300978
863930016313922
863930016313936
863930015333464
863930015333469
863930015333540
863930015333487
863930015910612
863930016786211
863930016555414
863930016553817
863930016555455
863930016308678
863930016308700
863930016299344
863930015537854
863930015519041
863930015353911
863930015353920
863930016300970
863930015526943
863930016305751
863930016305797
863930015871787
863930015871828
863930017308604
863930015018682
863930015922783
863930015212435
863930015018704
863930015224019
863930016347858
863930017594993
863930017599001
863930016874058
863930015223314
863930017609392
863930015228578
863930016877444
863930016844465
863930016331063
863930016332895
863930016336263
863930015016982
863930015018699
863930015911352
863930015912702
863930015223996
863930016337975
863930016334602
863930016904243
863930016904278
863930015921042
863930015921056
863930015921062
863930014940817
863930014940846
863930016890911
863930015723541
863930016241767
863930017593274
863930017593336
863930016862747
863930016862818
863930016864177
863930016864185
863930015231163
863930015223357
863930014945269
863930015726659
863930015208792
863930016345624
863930016343970
863930014945308
863930015724923
863930015207165
863930016345514
863930016345556
863930016343942
863930016354060
863930015809619
863930016273795
863930016250074
863930016250104
863930015205531
863930016342253
863930016343939
863930014945246
863930015726671
863930016266400
863930016282719
863930015215920
863930016354280
863930016355858
863930016355919
863930015815013
863930016104881
863930014898800
863930014900439
863930016277739
863930015227739
863930015229475
863930015205885
863930015205900
863930016926057
863930016927435
863930016279494
863930016324387
863930015173695
863930015170125
863930017806940
863930016888308
863930016888405
863930015982903
863930014858134
863930017819894
863930017830518
863930014861694
863930016147537
863930017834630
863930017836061
863930016162188
863930016162195
863930017643303
863930017643329
863930016178459
863930016180184
863930017620987
863930015610005
863930016241342
863930016241389
863930015613361
863930017267304
863930015604771
863930017260262
863930017779811
863930017763451
863930014865974
863930014852778
863930014852786
863930016133189
863930017823377
863930014856366
863930014854612
863930016192583
863930016195262
863930016175341
863930016171026
863930016207341
863930016207376
863930016183912
863930016183917
863930015610043
863930016245105
863930017267251
863930016246909
863930016241370
863930015180275
863930017315883
863930017322165
863930016709340
863930016709341
863930016709348
863930016712382
863930015438560
863930016537227
863930015442116
863930015429745
863930015672495
863930015190060
863930015187368
863930016739692
863930016739705
863930016741136
863930016742567
863930014952975
863930017115139
863930017140097
863930014954758
863930014954802
863930017329744
863930017175185
863930017323525
863930016741184
863930014956561
863930014952944
863930016715258
863930016715263
863930016538931
863930015446858
863930015455992
863930015669053
863930015669063
863930016527362
863930016535565
863930016994109
863930017020210
863930017020211
863930016054687
863930016054725
863930016056427
863930016697837
863930016679382
863930016086236
863930016087932
863930016087954
863930014776729
863930014776745
863930016044959
863930016046717
863930016091461
863930016423376
863930016423397
863930015253934
863930015243903
863930018200971
863930015245799
863930016410509
863930016412199
863930015243943
863930018173959
863930017184538
863930017225902
863930016252412
863930016257397
863930017190912
863930017186988
863930017193149
863930016993112
863930015672717
863930016993516
863930015669274
863930016662668
863930015492572
863930016744652
863930016738627
863930016738672
863930016738870
863930016078387
863930016078404
863930016076668
863930014759292
863930014779535
863930016661150
863930016064920
863930016049360
863930016049366
863930016746182
863930015260582
863930015259022
863930015250459
863930015252278
863930017219305
863930016249356
863930014864069
863930014864093
863930015485822
863930016091456
863930015487465
863930015501348
863930016048538
863930016050263
863930015286731
863930016578241
863930015288761
863930015288823
863930015276714
863930016710801
863930016620987
863930015493157
863930015495013
863930016540542
863930016540590
863930016517354
863930016517363
863930015431373
863930015670622
863930015670640
863930016538896
863930016540515
863930016540521
863930017078391
863930017086152
863930017083412
863930017083524
863930016710807
863930016712308
863930016713756
863930016713771
863930016787496
863930016786802
863930016788091
863930016778023
863930016684216
863930016943057
863930016715156
863930016787651
863930016787682
863930016783221
863930015191743
863930015193463
863930017097870
863930017098827
863930015346951
863930015371318
863930015743029
863930015874299
863930015355250
863930015744369
863930015760567
863930016436865
863930016451737
863930016453483
863930016038475
863930015418688
863930016018761
863930015349713
863930015351270
863930015351363
863930016853413
863930016854852
863930016782512
863930016558819
863930016568145
863930016312260
863930016312302
863930016313963
863930015538231
863930015539983
863930016302772
863930015350412
863930015741225
863930016312555
863930016553790
863930015912313
863930016785202
863930016553811
863930016555418
863930016555424
863930016307444
863930015737763
863930015739449
863930015371389
863930015367866
863930015369690
863930015417014
863930015418675
863930015415232
863930015351296
863930015807850
863930016819815
863930016352307
863930016370344
863930016372006
863930015809617
863930014961611
863930014962883
863930014979175
863930016292575
863930015210704
863930015018727
863930015018737
863930015016950
863930016895836
863930016894244
863930016908024
863930016908042
863930016347826
863930016347869
863930016904281
863930016902820
863930015919260
863930016291940
863930016268477
863930016268493
863930016347705
863930014940848
863930014940807
863930014940820
863930015732809
863930015724888
863930015732754
863930016274015
863930016275691
863930015225539
863930017311717
863930017312570
863930014964036
863930014965789
863930017107683
863930017317487
863930016721992
863930014961399
863930016847820
863930015214044
863930016350141
863930016348184
863930014951367
863930014951374
863930014951401
863930016892393
863930016893745
863930016898422
863930015732744
863930017110715
863930017133797
863930017116756
863930017133308
863930017329410
863930014956311
863930014956321
863930014956330
863930017327691
863930014956379
863930014965826
863930016460462
863930016460474
863930016361960
863930016361966
863930016452781
863930014859894
863930016138607
863930016138614
863930017843669
863930017823520
863930014839682
863930016151653
863930017827216
863930017841057
863930016434488
863930016439757
863930017662825
863930017777188
863930017780361
863930015175433
863930015151567
863930016909712
863930015902911
863930015902967
863930016273875
863930016275552
863930016275626
863930016336711
863930016329584
863930016329614
863930015175459
863930016915469
863930015913016
863930016272743
863930016272325
863930015214582
863930015216400
863930015216405
863930015216470
863930016346153
863930015875086
863930014812791
863930014825206
863930017697439
863930014800015
863930014796473
863930015876842
863930015012290
863930016591059
863930016470823
863930016470835
863930015271890
863930016384674
863930014847685
863930014847715
863930014844130
863930016589354
863930016591015
863930015271885
863930015264726
863930016326098
863930015162146
863930015178191
863930016914099
863930016914103
863930015921292
863930016329570
863930015170064
863930015170102
863930015170104
863930016289319
863930015224177
863930014847674
863930014845919
863930016592612
863930016591002
863930016470875
863930016472183
863930015269933
863930015269947
863930015271786
863930015268247
863930017754871
863930015451660
863930015187360
863930015203653
863930017136043
863930017319616
863930017321111
863930016753039
863930016739676
863930014974889
863930014956560
863930017133322
863930017132726
863930017319986
863930016710899
863930015498596
863930015534392
863930015519558
863930015543062
863930015543084
863930015563267
863930015553854
863930015546875
863930015510349
863930015078727
863930015551872
863930015548630
863930015510318
863930015510762
863930015445645
863930015456084
863930015456116
863930015666580
863930016538952
863930016524420
863930015446862
863930015667790
863930015670778
863930015187337
863930017319581
863930017320456
863930015182069
863930017329946
863930014969672
863930014962977
863930014979368
863930017135681
863930015187366
863930015203735
863930015189998
863930016353064
863930016353118
863930016388040
863930014866664
863930014866701
863930014851635
863930014851645
863930016578195
863930016594256
863930015672617
863930016245912
863930016247695
863930015581907
863930017198147
863930016247628
863930017193246
863930017221661
863930015584151
863930017181575
863930016403187
863930014858776
863930016582482
863930016582502
863930016780076
863930016780090
863930016835234
863930017025621
863930017018302
863930017018314
863930017025402
863930015509270
863930016066129
863930016066147
863930016055621
863930016071481
863930016073298
863930016641646
863930016644732
863930016412196
863930016418324
863930015260070
863930015234512
863930015234587
863930016419972
863930015245185
863930018171264
863930016039800
863930016030990
863930016031010
863930017625738
863930017625798
863930017631149
863930016188656
863930016190385
863930016023149
863930016247656
863930015574307
863930015581939
863930015581941
863930017191050
863930016247664
863930015581983
863930015496144
863930016064996
863930016738631
863930016738673
863930017101560
863930017284921
863930016944534
863930016945919
863930016713759
863930016715193
863930016568354
863930015538709
863930015557396
863930015510639
863930015512297
863930015538696
863930015087582
863930015567539
863930015565219
863930015506437
863930016537301
863930015442080
863930015433270
863930015663131
863930015435011
863930015436714
863930015436755
863930015663028
863930015191682
863930015193432
863930015193433
863930017067491
863930017298900
863930016568010
863930016784225
863930016545424
863930015075592
863930015541149
863930015553424
863930015555183
863930015493203
863930015494993
863930015555213
863930015567836
863930015493132
863930016494712
863930016853403
863930016861774
863930016861780
863930016861788
863930015337921
863930015337963
863930015336138
863930016861814
863930015334865
863930015343929
863930015343997
863930015368650
863930015345203
863930015751014
863930015739478
863930015741162
863930016317836
863930015351353
863930015351357
863930015358990
863930015359019
863930015360789
863930015416947
863930015415170
863930015416959
863930016033471
863930015355892
863930015355905
863930015369597
863930016840151
863930016859905
863930015333557
863930015333525
863930015334818
863930016840317
863930016322507
863930016324208
863930016342435
863930016342465
863930016344101
863930016344165
863930015024941
863930015023132
863930015023140
863930015023146
863930014962834
863930014962845
863930014962889
863930014962907
863930017607533
863930017617459
863930016865496
863930016866943
863930017589780
863930017589847
863930016864161
863930016370439
863930016372111
863930016360449
863930016360475
863930016824358
863930016818243
863930016819776
863930015222010
863930017603049
863930016875923
863930015231145
863930015226861
863930016882036
863930016883430
863930016372080
863930016363349
863930016363431
863930015802800
863930015806313
863930016365187
863930017311411
863930017310890
863930017311322
863930017314320
863930016724973
863930016856346
863930015212464
863930015015712
863930016103148
863930016104787
863930014903893
863930015904658
863930015902956
863930016268697
863930016268698
863930016287561
863930015207611
863930015163961
863930015175738
863930016918416
863930015919511
863930015919553
863930016288836
863930016290618
863930015207639
863930015209288
863930015175442
863930015175480
863930015165627
863930017805184
863930016886595
863930016886680
863930016152068
863930015219923
863930015205901
863930016344365
863930016331313
863930015176187
863930015909962
863930016135061
863930016132581
863930016401269
863930016103084
863930016103109
863930014896939
863930017764613
863930017753064
863930016103129
863930016099655
863930016101314
863930014896933
863930015902951
863930015902961
863930016269013
863930016272500
863930015224244
863930015224264
863930015225933
863930016348589
863930015160452
863930015162128
863930015902935
863930016268645
863930015227710
863930015219819
863930015178165
863930016923151
863930016207398
863930016156936
863930016173238
863930017641915
863930014902176
863930014921082
863930017735568
863930015017542
863930015018779
863930016108377
863930014923270
863930017770929
863930015909877
863930016889927
863930016889952
863930016742651
863930016741120
863930014957964
863930016519298
863930015450105
863930015669033
863930016710889
863930016712392
863930015190003
863930016752108
863930016753013
863930014976750
863930014976766
863930014967906
863930014952802
863930016722628
863930016709369
863930016710924
863930015536110
863930015519550
863930015074346
863930015075609
863930015076943
863930015543112
863930015552102
863930015500307
863930015519623
863930015517810
863930016995887
863930016643195
863930016641620
863930015499582
863930016067736
863930016067766
863930016057007
863930016736938
863930016095051
863930016071482
863930015499636
863930015507464
863930016060052
863930016075012
863930016075050
863930016076619
863930015258115
863930016430768
863930015260091
863930015259016
863930016412114
863930015245227
863930016206922
863930016037980
863930016016156
863930016203364
863930016031618
863930016036363
863930017629208
863930018177591
863930016028104
863930016029852
863930017011809
863930016992826
863930016641633
863930016643168
863930016738362
863930016735541
863930016071493
863930016623512
863930016058691
863930016064314
863930016738331
863930014767367
863930018212905
863930018173922
863930015254595
863930016413916
863930016430800
863930015243895
863930018182168
863930018182178
863930015258151
863930016412119
863930015245181
863930015245218
863930016201651
863930016032958
863930017625787
863930016239273
863930015590861
863930017184152
863930017186979
863930017190587
863930016242425
863930016242453
863930016091479
863930016638482
863930015449823
863930015431390
863930015431396
863930015670624
863930015431413
863930015433128
863930015664697
863930015187246
863930015191692
863930017285724
863930016937051
863930016938419
863930017077740
863930016944496
863930016545477
863930016547104
863930015091880
863930015555645
863930015496774
863930015496786
863930015498493
863930015080489
863930015078642
863930015078661
863930015561829
863930015561833
863930015495014
863930015496700
863930015516073
863930016517408
863930015434834
863930015434855
863930015434862
863930015674092
863930015667675
863930016528643
863930015436617
863930015667764
863930015193460
863930015551840
863930015559890
863930015510237
863930015510257
863930015498509
863930015498519
863930015525648
863930016786987
863930016780298
863930016781790
863930016856235
863930016858793
863930015337867
863930015337960
863930015337950
863930015337895
863930016785753
863930016778192
863930015744324
863930015745632
863930015361839
863930015363653
863930015737772
863930015364262
863930015366006
863930015412072
863930015428275
863930015428311
863930015360927
863930015410814
863930015409096
863930016032168
863930015347919
863930015347080
863930015354004
863930015736021
863930015737732
863930015737737
863930015736036
863930016312641
863930016314303
863930016314351
863930016314396
863930015407274
863930015409060
863930016041663
863930016026472
863930015357313
863930016026479
863930015367922
863930016015612
863930016015668
863930015360720
863930015354603
863930015415246
863930015416990
863930015416996
863930015416908
863930016016999
863930016035198
863930015416937
863930015416999
863930016332882
863930015019999
863930015016930
863930015016944
863930015922871
863930015912640
863930016268744
863930015210731
863930015212421
863930015231842
863930015018688
863930015018730
863930016902827
863930015917554
863930016347763
863930016890903
863930015210492
863930015210496
863930015212218
863930016717966
863930014965752
863930014967541
863930014961521
863930017310433
863930017310478
863930014961583
863930016861873
863930016245169
863930015227354
863930016347748
863930014939070
863930015732752
863930015724852
863930015732732
863930016275359
863930016363396
863930016363417
863930015802869
863930016819754
863930016366907
863930016882065
863930016883482
863930015231114
863930015228575
863930016882028
863930016883463
863930016877480
863930015225586
863930015227324
863930016349811
863930016278945
863930016342146
863930016342231
863930016327500
863930014942104
863930014942141
863930014951320
863930014951323
863930014951348
863930015809763
863930015809782
863930015809814
863930015802663
863930015804334
863930015804337
863930016816848
863930017310154
863930014958025
863930014959813
863930016130543
863930016834459
863930016835811
863930016838623
863930015268226
863930016570700
863930016886608
863930016150721
863930016152170
863930017807855
863930017795200
863930017811242
863930017800882
863930016888337
863930016130463
863930016205575
863930016156887
863930016173266
863930017643345
863930017645166
863930016180944
863930016182571
863930017185825
863930017220110
863930016256900
863930015599416
863930016256257
863930017242205
863930016381255
863930016383015
863930016207311
863930016183966
863930016182601
863930016187388
863930016170978
863930017640399
863930016263259
863930017186159
863930017189323
863930015273602
863930015273628
863930015270014
863930016403263
863930014865290
863930016485778
863930015271800
863930016403330
863930016403741
863930014849027
863930016592646
863930016488180
863930014920754
863930017751185
863930015035137
863930015035169
863930015017458
863930014898623
863930017753507
863930017771454
863930015175825
863930015912921
863930016275934
863930015075687
863930015545109
863930015516237
863930015534412
863930015070773
863930015070820
863930015548245
863930015548250
863930015493303
863930015532630
863930015187384
863930016707919
863930016709342
863930017142875
863930017148462
863930017320807
863930016737745
863930014973086
863930016540706
863930015448196
863930016527442
863930015453506
863930015429711
863930015674117
863930015557365
863930015630212
863930015508217
863930015522672
863930015075717
863930015631951
863930015631966
863930015488159
863930015092028
863930015636293
863930015188659
863930015188667
863930015203643
863930015203647
863930015190018
863930015190027
863930015489198
863930016053473
863930014760666
863930016640046
863930016641604
863930016643117
863930015496089
863930016055228
863930018180663
863930015260635
863930016413836
863930016413883
863930015245176
863930016034629
863930016201692
863930016193456
863930016193472
863930015589167
863930015589190
863930017184298
863930015594987
863930015576360
863930015578139
863930017181456
863930014857049
863930014858764
863930016594731
863930016596288
863930016839314
863930016836007
863930016380885
863930016379245
863930014857002
863930016596289
863930016596367
863930016783404
863930015664993
863930017022692
863930017025608
863930017012997
863930016641616
863930016067807
863930016053928
863930014773166
863930014774142
863930014774172
863930016644737
863930016584181
863930016585784
863930016778749
863930016780119
863930016839036
863930016834821
863930015260896
863930015284635
863930016361229
863930016361235
863930016361252
863930014862333
863930016787228
863930016787233
863930015266153
863930016998750
863930016994409
863930015656437
863930015496219
863930015496226
863930015497931
863930016744700
863930016076685
863930016656499
863930015499668
863930015544744
863930015564852
863930016613864
863930016615420
863930015491449
863930016489466
863930015494987
863930015496696
863930015448043
863930015670692
863930015188541
863930015188556
863930015203600
863930017502969
863930016944647
863930016547115
863930015553467
863930016612655
863930016489568
863930015074216
863930015074228
863930015544606
863930016612674
863930016492838
863930015075535
863930016613797
863930016613835
863930015674031
863930015674068
863930015674105
863930016517423
863930015431317
863930015446873
863930015657851
863930015659497
863930016519096
863930015185425
863930015203588
863930015203611
863930017505994
863930016945982
863930017093140
863930016547154
863930016550515
863930015418741
863930015418743
863930015367907
863930016852008
863930015337923
863930016555507
863930016557151
863930016782791
863930016304429
863930015410854
863930016035166
863930015372132
863930015412154
863930015367770
863930015415151
863930015525120
863930015538190
863930015348807
863930015350462
863930015350477
863930015345914
863930015360770
863930015405686
863930015407228
863930016041735
863930016041751
863930015362536
863930015357371
863930016028181
863930015359134
863930015369641
863930016859919
863930016324147
863930016324148
863930015023116
863930016889625
863930016892506
863930015902661
863930015902716
863930015902729
863930016344105
863930015023164
863930016894189
863930016902856
863930015217182
863930017589771
863930016880787
863930016867023
863930017614453
863930016864206
863930015219345
863930016343906
863930017618536
863930017618546
863930016879013
863930016880733
863930015728500
863930015229064
863930014942152
863930014942193
863930016887731
863930016889420
863930015724947
863930015728454
863930016279087
863930015222721
863930016350006
863930016334580
863930016336362
863930015020088
863930015036374
863930016280802
863930016294574
863930015214212
863930016338075
863930016349938
863930016862683
863930016862707
863930016877453
863930017618492
863930016864158
863930016866913
863930015215410
863930015229114
863930015229023
863930014942192
863930014951408
863930014945229
863930014945239
863930016280663
863930015205511
863930016342252
863930014940867
863930014942199
863930014951311
863930015726703
863930015726707
863930017616667
863930015213560
863930015213591
863930016862828
863930015226828
863930016343928
863930016277773
863930016331380
863930015178182
863930016921289
863930015912942
863930015209232
863930015232080
863930014854578
863930014852819
863930016135108
863930016357592
863930017677790
863930017778912
863930017770688
863930015025543
863930015025545
863930015029000
863930017782922
863930016126125
863930015975996
863930015962863
863930015933150
863930017645573
863930015977721
863930015933098
863930017621485
863930015979543
863930014841437
863930016139336
863930016138028
863930017818021
863930014839660
863930016192629
863930016193929
863930016196918
863930016200479
863930017631581
863930017624491
863930015621678
863930015225970
863930016247858
863930015569413
863930015602807
863930015602850
863930017208222
863930017205175
863930016250256
863930016266470
863930015616084
863930016265846
863930017209083
863930017186133
863930016401415
863930015262971
863930015264653
863930016377743
863930016379573
863930014847649
863930014848990
863930014849015
863930016573951
863930016835534
863930015273613
863930016391640
863930016121726
863930014920772
863930016104889
863930014896993
863930016451467
863930015203722
863930015190013
863930015191782
863930016540699
863930015544742
863930015544766
863930015650465
863930015504780
863930015514475
863930015536117
863930015092018
863930015078733
863930015091950
863930015559727
863930015563249
863930015563259
863930015543451
863930015555614
863930015672516
863930015674181
863930016540668
863930016540673
863930015448203
863930015203690
863930015190034
863930015188649
863930015188652
863930017148450
863930017329953
863930017315878
863930014958021
863930017316209
863930016736325
863930016570364
863930016563130
863930015509945
863930015499723
863930016042973
863930016043023
863930016043055
863930016067019
863930016081442
863930014778121
863930014775203
863930016656507
863930015258508
863930015248734
863930018183786
863930018185381
863930016432860
863930016836696
863930015264317
863930016399184
863930016384314
863930016584116
863930017001154
863930017006739
863930015654752
863930016065234
863930016740354
863930016738928
863930016076646
863930016078417
863930016071510
863930014759340
863930014760731
863930016044013
863930016045783
863930016741747
863930014774207
863930014781556
863930014781598
863930016418339
863930016419968
863930018202445
863930018173429
863930015236360
863930015238015
863930016431230
863930018179251
863930018159696
863930018162570
863930015236368
863930015237928
863930017631063
863930016040606
863930017634658
863930016193481
863930016193522
863930017638707
863930015499686
863930016073266
863930016075043
863930016075033
863930016209539
863930016194828
863930016196498
863930016031070
863930017627520
863930016188652
863930016190431
863930016190443
863930016023139
863930016264053
863930016240296
863930016239586
863930015582370
863930017209184
863930017202349
863930017193039
863930016241304
863930016241392
863930016242435
863930015580140
863930015590906
863930017190660
863930016244134
863930016784425
863930016552215
863930016552266
863930015078712
863930015082197
863930015563555
863930015565249
863930015495019
863930015516113
863930015517784
863930015519521
863930015076902
863930015080403
863930015078647
863930015564814
863930015548513
863930015545078
863930015496751
863930015498497
863930016525965
863930016527276
863930016527291
863930016699459
863930017099849
863930017285999
863930016700654
863930016945971
863930016938461
863930016723691
863930017285245
863930016699400
863930016936948
863930016938333
863930016945975
863930017101907
863930017074935
863930017278380
863930016947357
863930016947365
863930016553988
863930016554007
863930015550286
863930015545064
863930015334804
863930015331805
863930015333507
863930015367931
863930015367956
863930015369632
863930015369680
863930015418693
863930015415148
863930015351302
863930016854867
863930016557141
863930016558753
863930016786141
863930016787832
863930016557087
863930015526898
863930015526899
863930015526938
863930015539986
863930015540018
863930016302706
863930016304430
863930015525183
863930015539982
863930016035195
863930015357260
863930015349464
863930015412119
863930015428343
863930016031502
863930016035601
863930015364409
863930016861792
863930016555451
863930016557161
863930016779143
863930016553758
863930016310533
863930016310552
863930016321695
863930016893980
863930015902618
863930015904325
863930015225728
863930015217891
863930015023214
863930015026729
863930016900086
863930016900118
863930015906217
863930015906237
863930017593328
863930017593357
863930017589852
863930017589854
863930017591529
863930016872685
863930016879087
863930016880739
863930015226921
863930015205141
863930015217173
863930016897069
863930016893805
863930016906690
863930015732799
863930016282722
863930016345646
863930016342199
863930016342212
863930014946992
863930014945271
863930016902676
863930015210541
863930015210563
863930016343872
863930016372118
863930015808157
863930015811606
863930016826060
863930017107631
863930014964262
863930017313840
863930017314924
863930016723182
863930014969517
863930014971321
863930017107836
863930016366975
863930016367010
863930016813951
863930015227262
863930015227347
863930014942176
863930014942204
863930014942205
863930015225549
863930015227295
863930016349779
863930014939100
863930016897036
863930016897042
863930015732801
863930015732831
863930015732725
863930016277210
863930016275351
863930014958049
863930017314697
863930014957933
863930014979176
863930016847861
863930016849273
863930016857773
863930016334598
863930016902887
863930015919327
863930015921015
863930017674729
863930017674770
863930016108355
863930014903983
863930014921173
863930014908292
863930017779279
863930017783715
863930015035095
863930016112098
863930014910082
863930016136713
863930016196893
863930016158604
863930017624399
863930017620967
863930015623643
863930016262131
863930016259778
863930015623674
863930015606543
863930016241621
863930017261383
863930016243427
863930017229664
863930016452761
863930016350884
863930016360659
863930016360660
863930016451457
863930016446698
863930016351033
863930017684669
863930016101326
863930016101363
863930016103092
863930014900265
863930014898659
863930014898663
863930014898681
863930014900279
863930017771488
863930017774712
863930015018858
863930016108426
863930016110326
863930014903982
863930017780043
863930015212778
863930016340845
863930016340880
863930015173642
863930015173648
863930015175840
863930015176205
863930016912612
863930016912620
863930016912679
863930015923025
863930015923051
863930016268919
863930016270556
863930015211074
863930015212838
863930016327779
863930017798668
863930017839993
863930017846237
863930017821589
863930014852789
863930016151461
863930015069087
863930015070743
863930015543012
863930015509866
863930015509898
863930015530872
863930015534384
863930015070831
863930015072586
863930015544759
863930015548202
863930015630317
863930015509906
863930015509925
863930015509958
863930016532044
863930015446895
863930015519601
863930015521368
863930015072545
863930015553535
863930015555295
863930015555326
863930015650440
863930015650432
863930015512401
863930015536168
863930015543434
863930015543442
863930015512725
863930015536113
863930015453443
863930015438482
863930015661379
863930015442134
863930016524372
863930015564989
863930015550308
863930015486416
863930015486439
863930015489824
863930017316264
863930016242744
863930017193196
863930016382700
863930014858769
863930014862322
863930016596281
863930016777261
863930014856980
863930014858755
863930014858800
863930016780049
863930015282803
863930015234566
863930015234575
863930015258112
863930016418253
863930018186892
863930018188429
863930018199569
863930017622213
863930017622227
863930017622261
863930017623963
863930017625763
863930016034609
863930015585641
863930017184238
863930016264432
863930015577619
863930016402483
863930016379083
863930014855242
863930016787116
863930015284569
863930016787129
863930016780472
863930016780543
863930015281070
863930015281077
863930016405177
863930014765836
863930015497783
863930016064290
863930016050277
863930016093270
863930014757903
863930016636954
863930016641588
863930015505696
863930016069273
863930016413955
863930016408744
863930015251040
863930015252836
863930016407106
863930018179235
863930016055259
863930016683848
863930015240824
863930018173933
863930018199648
863930015249292
863930015247576
863930016412227
863930015237422
863930015239073
863930018162360
863930016205118
863930015516160
863930015551793
863930015548543
863930015567694
863930015498518
863930017067841
863930017067732
863930016723685
863930016785880
863930016553963
863930016554012
863930016555620
863930016554037
863930015517706
863930015078608
863930015078691
863930015564878
863930015541166
863930015548493
863930015548594
863930015550246
863930015496729
863930015496778
863930015500204
863930015517783
863930015080407
863930015551826
863930015553564
863930015567729
863930015500290
863930015498522
863930015083974
863930015558291
863930015557430
863930016533832
863930016535499
863930015431465
863930015429582
863930015429607
863930015198174
863930015198235
863930016310833
863930015371449
863930015356610
863930015356622
863930015745536
863930016307398
863930015346149
863930015409035
863930015407292
863930016555491
863930016557109
863930016557123
863930015525204
863930015334839
863930016557120
863930016558775
863930016555470
863930015526895
863930015526940
863930016312163
863930016302765
863930015412123
863930015412124
863930015360161
863930015736029
863930016314305
863930015353862
863930015741169
863930015741241
863930015742954
863930016316078
863930016317824
863930015337862
863930015337935
863930015922844
863930016861936
863930016849206
863930016886258
863930016854949
863930016268818
863930015225746
863930015227503
863930015021410
863930015021433
863930016886190
863930016886213
863930015922882
863930016322489
863930016322449
863930015021426
863930016898712
863930016892517
863930017589798
863930016876040
863930017618491
863930016877432
863930015231120
863930015231137
863930016901226
863930015726695
863930015728474
863930016278959
863930015229078
863930016889405
863930016889413
863930016889415
863930015724951
863930015726633
863930016271936
863930016273603
863930016275388
863930016330872
863930014943431
863930016373763
863930016355869
863930016355886
863930015813332
863930016360414
863930016360433
863930016708754
863930016721987
863930014967818
863930016854888
863930016854953
863930016856317
863930017825171
863930017826937
863930016207397
863930016180924
863930016180966
863930016182657
863930016169265
863930017636696
863930017645124
863930016192571
863930017186124
863930016239520
863930016250533
863930016250561
863930016342591
863930016342625
863930015176214
863930015176229
863930016909692
863930016270552
863930016577001
863930016570691
863930015271796
863930016403702
863930016396119
863930014849053
863930014849077
863930016835882
863930014902214
863930017755720
863930015013932
863930015015762
863930016108396
863930015017476
863930015017543
863930016108436
863930015221536
863930015221558
863930015226035
863930015915982
863930015913009
863930016284252
863930015209327
863930015210999
863930015211025
863930014856368
863930016137297
863930017839883
863930014856349
863930016207314
863930016207315
863930016163927
863930016178112
863930017620946
863930017626176
863930016165349
863930017216856
863930016242655
863930015584363
863930017217024
863930017195658
863930017195700
863930016248841
863930017183266
863930017207087
863930017207320
863930017316430
863930017318575
863930016750946
863930016737756
863930014971273
863930017142820
863930017114805
863930017320223
863930017318051
863930014954815
863930016710879
863930015498566
863930015498598
863930015075706
863930015561520
863930015521328
863930015076950
863930015565002
863930015510358
863930015510376
863930015456163
863930015654513
863930015654558
863930015666512
863930016539029
863930016524384
863930015446884
863930015446898
863930015449928
863930015670747
863930015670751
863930015672425
863930015187320
863930015189999
863930017317648
863930017320053
863930016752990
863930014974975
863930014975019
863930014976737
863930015440358
863930016535541
863930015453462
863930016199889
863930016199900
863930016034481
863930016029804
863930016031537
863930017624049
863930016190396
863930017620536
863930017620543
863930017622268
863930017184185
863930017181384
863930015585703
863930015589103
863930015590813
863930015590831
863930017181453
863930016264393
863930017201450
863930017202039
863930017213571
863930017221556
863930016262592
863930016262605
863930016264335
863930016402579
863930016578199
863930016838815
863930015281120
863930016402630
863930014853490
863930016594248
863930014762170
863930016061491
863930016061521
863930016061526
863930016063218
863930016063244
863930016063278
863930016063479
863930016740317
863930016076662
863930016194790
863930016194797
863930016196517
863930018165466
863930016199934
863930016034495
863930017624031
863930016190384
863930016192165
863930016031570
863930017620534
863930017190670
863930017190777
863930017217916
863930017181411
863930016260808
863930016259371
863930015589030
863930017207210
863930017220680
863930017213025
863930016240707
863930016379039
863930014855208
863930014853454
863930016594231
863930016778843
863930016402593
863930016379182
863930016379188
863930014853487
863930014855258
863930016594664
863930016594704
863930016780494
863930016780505
863930014765768
863930014765842
863930016690833
863930016947369
863930016934369
863930016934420
863930017100446
863930017289451
863930017288450
863930016687828
863930016955048
863930016945996
863930017096948
863930017298574
863930016715166
863930016722593
863930016722598
863930016712313
863930016785619
863930016778079
863930016547057
863930016547097
863930016548737
863930015076890
863930015091857
863930015553486
863930015567873
863930016494645
863930015431406
863930015433149
863930015440318
863930015672312
863930015442074
863930015652839
863930016685789
863930016695271
863930016940319
863930016941701
863930016943082
863930016715163
863930016715178
863930016568016
863930016545419
863930016545467
863930015317693
863930016785343
863930016570201
863930016779275
863930016787677
863930015410838
863930015428260
863930016026387
863930016026421
863930016026250
863930015369689
863930015409082
863930016847714
863930016302710
863930015538284
863930015737803
863930015739494
863930015742964
863930016317810
863930016310848
863930016312639
863930016319442
863930016312318
863930015538263
863930015525133
863930015741261
863930015225754
863930015227524
863930015021334
863930015021398
863930015023161
863930015921113
863930016273667
863930016273695
863930016277811
863930015225784
863930015225816
863930015023123
863930016897333
863930015902711
863930015912684
863930016330896
863930016324013
863930016354255
863930015817728
863930015808002
863930016368638
863930016811246
863930016815426
863930016818234
863930017129727
863930017117754
863930017314221
863930016708736
863930016711682
863930014979178
863930014979220
863930017617468
863930017618549
863930017607465
863930017589851
863930016880784
863930015205135
863930015206738
863930016360452
863930016360494
863930016376408
863930016361720
863930015811511
863930016881995
863930016882043
863930016883485
863930016329156
863930014942103
863930016271922
863930016273641
863930016273658
863930014943439
863930016890938
863930016897066
863930015724954
863930016272076
863930015229090
863930015205499
863930016343911
863930016376406
863930016361752
863930016357167
863930015804637
863930015806389
863930015808073
863930016818318
863930016248221
863930016249568
863930016265767
863930016900386
863930016150239
863930016138173
863930017816377
863930017813191
863930016148916
863930016252971
863930016252992
863930016265821
863930015586059
863930017180441
863930017230723
863930016250850
863930016250930
863930016256216
863930015623663
863930017208825
863930017208837
863930017205702
863930016290410
863930015216264
863930015216339
863930016342685
863930015162133
863930016911180
863930015914237
863930015904560
863930016190894
863930016209999
863930016195197
863930016169247
863930016169249
863930016169250
863930016170984
863930016171012
863930016171043
863930016162170
863930016162180
863930017643335
863930015601315
863930016241309
863930017218486
863930017209099
863930017209105
863930016257704
863930016259422
863930016261163
863930015617720
863930017243028
863930017240714
863930017220170
863930015171899
863930016915540
863930016912664
863930016914056
863930016914057
863930016915477
863930016915541
863930015926625
863930015926630
863930015902889
863930016272393
863930015218176
863930015218197
863930015218198
863930015221692
863930016322718
863930015156903
863930015170127
863930016928637
863930016929711
863930016928606
863930015929156
863930015914239
863930015917683
863930015912953
863930015912985
863930017821518
863930017823341
863930014858120
863930015448289
863930015651260
863930015187329
863930015187386
863930015091951
863930015564915
863930015543348
863930015522606
863930015076970
863930015544856
863930015541320
863930015484806
863930015203678
863930017177685
863930017316793
863930016713869
863930016713806
863930016713820
863930015203736
863930015191775
863930016713802
863930015512755
863930015512768
863930015076961
863930015077006
863930015563234
863930015545173
863930015506550
863930015076945
863930015076939
863930015546523
863930015557427
863930015508278
863930015508290
863930016687399
863930016687410
863930015489188
863930016055256
863930016055265
863930016682350
863930016073242
863930016641652
863930015499560
863930016070408
863930015236276
863930015233905
863930015233920
863930015233951
863930015235647
863930018186837
863930018186877
863930015249320
863930015256347
863930015258085
863930016192203
863930016042595
863930017622297
863930016032737
863930015583902
863930015589083
863930015589087
863930017202295
863930017221767
863930015572989
863930015573006
863930015574682
863930016402599
863930016402603
863930016738665
863930014776736
863930014775190
863930016625112
863930016043267
863930016047527
863930016741744
863930016080185
863930016081460
863930016081480
863930017002522
863930016186969
863930016021362
863930017631100
863930016185292
863930016015069
863930016015134
863930016016873
863930016016905
863930017632920
863930016386029
863930016386060
863930016387874
863930016387903
863930014842140
863930014843768
863930016585835
863930016587401
863930016787270
863930016780560
863930016387998
863930014840339
863930014840356
863930016838081
863930017638709
863930016784223
863930016545435
863930016491364
863930015091921
863930015076938
863930015555186
863930015567806
863930015493098
863930016493057
863930015091893
863930015076836
863930016496337
863930015440315
863930016724607
863930016718556
863930016552174
863930016784461
863930016552250
863930016554028
863930015522550
863930015522587
863930015538652
863930015557014
863930015561787
863930015500226
863930015521252
863930015516074
863930015517692
863930015082159
863930015567409
863930015546792
863930015498521
863930015519434
863930015666495
863930015436624
863930017082475
863930017289971
863930016682733
863930016687773
863930016940344
863930016555670
863930016555704
863930016555648
863930015742955
863930015337920
863930015337965
863930015336143
863930015337864
863930015337885
863930015337936
863930016782396
863930016785727
863930016778181
863930016568638
863930016568623
863930015526906
863930015526910
863930016315738
863930016317452
863930016317455
863930015528665
863930015528690
863930015525123
863930015853093
863930015350560
863930015349632
863930016849114
863930015343903
863930015343957
863930015343989
863930015344008
863930015344000
863930016558832
863930016782481
863930016304482
863930016312295
863930015538200
863930015539968
863930015813239
863930016819810
863930016821225
863930016705813
863930017105745
863930017133585
863930017117860
863930016719451
863930016849269
863930016898401
863930015023152
863930015024933
863930015023181
863930016892551
863930015904337
863930015024947
863930016904327
863930016898743
863930016288790
863930015219634
863930015221352
863930016878997
863930017589789
863930016880771
863930016864168
863930014951338
863930016904089
863930016904109
863930016907837
863930016907841
863930015730235
863930016277287
863930015207173
863930015207181
863930015207232
863930015208834
863930016330913
863930014943539
863930016251482
863930016363514
863930015793275
863930015809678
863930015809679
863930016821188
863930016821191
863930016358917
863930017128555
863930017316439
863930014945312
863930016902679
863930016904099
863930015724912
863930016282804
863930015921088
863930016273639
863930016275382
863930016277794
863930015227515
863930015209016
863930015209027
863930016322444
863930016324188
863930015023118
863930016897315
863930014858075
863930016134900
863930016138100
863930017834593
863930016185722
863930016183970
863930016160359
863930016160434
863930016174926
863930017640452
863930017641896
863930017641909

