218771229
219230187
218596911
219013863
218947249
219027923
2986885740
218986515
219051343
218954137
219104731
219202575
218537005
219152957
219003321
219147943
218987391
218801979
218625909
218860675
219218671
218911355
219214375
218967049
219147873
219023519
219167565
218864261
219083715
3148732529
218750813
218867205
218925355
2987232542
218673005
219233909
218618515
218511295
219048501
218842501
218588717
218985573
219168031
219042995
219211145
219082985
219203515
218914355
219135741
218598193
218939697
219178005
218540365
218700413
2987273000
218409119
218511107
218720093
218482759
219101969
218813305
218449751
218855941
218587145
219184927
2987283124
218542121
219203051
218958257
2987377495
219227625
2987507344
219122365
219232673
219232411
219126595
218751555
219159989
2987545805
219236805
2987587853
219094541
218568527
218747797
219030747
219113575
218968507
219179159
218832871
218719903
219122783
2987680111
219081835
219223259
219083817
2987719478
218879949
2987721431
2987739262
218780847
218943097
219024487
218930997
219081511
218977061
219217643
218892729
219209665
219196389
219212241
218938131
218455739
218901059
219211625
218665335
218706839
218620723
218872273
219004423
218399145
2987756325
218627495
219028097
2987760529
2987761554
219082861
2987788252
2987791421
2987795037
2987800066
2987802849
218792167
2987805306
218452915
218425285
219224847
2987822835
218618435
218443179
218858679
218762689
218730177
2987843216
219127291
219203215
218919197
219157915
218985321
218875485
219073289
219097293
218638061
218509615
219150885
218418621
218966757
218942527
218650985
218855245
218594133
218706881
218670349
219071747
218725737
218917851
218606307
218641255
219218493
219173315
219185413
218754103
219060005
219092243
218491195
218643293
218863175
2988044988
218956913
2988061167
2988080869
2988101792
218624291
218629185
218642967
219219063
218854435
2988130646
2988130947
2988132687
218842467
219065253
219211089
2988141744
2988140485
218484833
2988145025
219095419
219110647
2988150420
218953961
218571965
218875211
219061111
2988160823
218797233
219038689
218359245
2988179025
218585527
218826383
218667453
218591165
218909995
218621999
2988433674
2988444361
2988461737
218569577
219009039
218868807
219117839
2988512730
219086249
2988540786
2988541333
218585073
2988544192
219087123
2988549918
2988565000
218898161
2988570217
2988571506
219078249
218754039
218714503
2988592124
218753893
219054341
218637545
218544139
218416255
218430025
2988606533
218624219
218730947
219142777
218855505
218824001
218639671
219247185
219246239
219179219
218479707
219136319
218860525
218501279
218999025
219253061
218525789
218751771
218593767
218796105
219094549
219208153
219060521
219253693
219132361
219116905
219182249
218450199
219053901
218559777
219070309
218960125
219247681
218921221
218853765
218768541
218518161
219010743
218979075
218626979
218998809
218897397
218867649
218562301
219144825
219242447
218864811
219096791
218920715
218863087
219178475
219245801
218776481
218560475
219244671
219156489
218921255
219216907
218501201
218483375
218983365
218476261
219229235
218794555
218678127
218861411
218726937
219042447
218926331
219020945
218767675
218513631
218869641
218900199
219067863
218501541
218710749
218518529
218556589
218423257
219040405
219147881
219102239
218709249
218603977
218977297
218791925
219083063
219237661
218973029
218665085
219177097
219059123
218782379
218957039
219172881
218757051
218828563
218563179
219006121
219123811
219229865
218652769
218697631
218869219
218590937
219169095
219002323
218756349
218977549
218617277
218760869
219205229
218914315
219027797
218537259
218636111
218823603
219098899
218681427
218789621
219019843
219033439
218912005
218666185
218374603
219175491
219050167
218687867
219115817
219154387
218924503
218953109
218514341
218489121
218586239
218694615
218975891
219129327
219153363
219114571
218838911
218719653
218407083
218936419
218535435
218603757
218881883
218915291
219227295
219078845
218463571
219095445
218932567
219087929
218876709
218962897
218643361
218434133
218689211
218603249
219097415
219149135
219241783
219173635
218789469
218545819
218573445
218926229
218796665
218743659
218736785
218909931
218974883
218529861
219070871
219126177
218569071
218581141
218793239
218848739
219139629
219180797
219048287
218755377
219154791
219097371
218697599
218837663
218912283
218472735
218920787
218972213
219211533
218429257
218770499
218683713
218755493
219115271
218929655
219231705
218801923
218896491
218736993
219081657
218460501
218356027
218622493
218564869
218856157
218895231
219220547
218822823
218812741
218765705
219048109
218906153
219082989
218755865
218553941
219192593
218737243
219119717
219222127
218775181
218828241
218826625
219128955
219138111
218656291
218929923
218667691
218926069
219215297
219033571
219226767
218726351
218462375
219242639
218515973
219185177
219080043
218958597
218979909
218418651
218548679
218857035
219075123
219084647
219069881
218934585
218529427
218347791
218671385
218839975
218905087
218961509
218946603
219055381
218851467
218763517
218507751
218956675
218752967
219246657
219135063
218752847
219117801
219079905
218886547
219056227
218990889
218368237
218857149
219032917
218983727
218728051
218836107
218378717
218790603
218413549
219246781
218821711
218885027
219017445
219090639
218576439
218971431
218429841
218947789
219251421
219086729
218808105
219084389
218898573
218455693
218881925
218913833
218675541
219159079
218560807
218505067
219086651
218959463
219041077
218393229
218689203
218934561
218790351
218784955
218459973
218698757
219112259
218868637
218932713
219107623
219121989
218467795
219146885
218787559
219121393
218776647
219219713
219172479
218658845
218671695
218373613
219084131
218893157
218453103
219155147
219241303
219244007
219120799
218787641
219231205
219074141
219124447
218885801
219151167
218862385
218832447
218806033
219001413
218857469
218836835
218858143
218809521
218973941
218934347
218690355
219108033
218497341
218958115
218976009
219206349
218939133
218518551
219021597
218908007
218509571
219060907
218506473
219094993
219107597
218527627
218516897
219145649
218968331
219136661
218800725
219197631
218960777
219158919
219029797
218842557
218773041
218813915
218551293
219097719
218659141
218714137
218736193
219195387
218739011
218467777
218810641
219186597
218909297
218831653
218742929
218798423
218468123
218607391
219238427
219019877
219030823
218752831
219011373
219038961
218972767
218677001
219200591
219103547
219198659
218922855
218340971
218833549
218575273
218946669
219242321
218608381
218755883
219022999
218556085
218996131
218442245
218722211
218755157
218898127
219024877
219186263
218610353
218920073
219162541
218551551
218926985
218767141
219196155
218820577
219241849
219126427
218797315
218797133
218690357
218822707
218819669
218972391
218623427
218976991
219042777
219224363
218572059
218519345
218619929
218912345
219225675
219037387
219106115
218833739
219082045
218637257
219120247
218840459
219158245
219132509
218730617
218853245
219043299
218989989
218742891
218506739
218485853
218860681
219180865
218995879
219061827
218628483
219145255
219117115
219044789
219093599
218876725
219119791
218613331
218762117
218658795
218494693
218911039
218758329
219218321
218709075
218771167
218809671
219201831
218577241
219165715
218588457
218745805
219041553
218908275
219166573
218916293
219207319
218981779
218727311
219160173
219202129
218821045
219124125
218746269
219251561
218466475
218366883
218603569
218470625
218801033
219181285
219233249
218697341
218990187
219140645
218575715
219138315
218447981
219185689
218778679
219252351
218867941
218401253
218837713
219150653
219253743
218816745
218513353
219231109
218841269
219193003
218928095
218940861
218694313
218880379
219247407
218874193
218954563
219036317
218592893
219045379
218457605
218450855
218997551
219016161
218606065
218758921
218495327
219088797
218804589
219004133
218473055
218552975
219212567
218511525
219231427
218841531
218953691
218701185
218861337
219067169
218832163
219141843
219246471
218774567
218835927
219082695
218779433
218976879
219041329
218790715
218678673
218620091
218481295
218666859
219114823
218553359
218696733
219102263
219240019
218807433
219067509
218691607
219147941
219095191
218499587
218650301
218722853
218613807
218463259
218377521
218610137
219057041
218855909
218684045
218837293
218951737
219060549
218805359
218582611
218595885
218873035
218609057
218608575
219047601
219213019
219049521
219035727
218987695
218958207
219093111
218979737
218488003
218502447
219090027
218474403
218711937
218874973
218605417
219164653
218756829
218782943
218765227
218695601
219198263
218538371
218689305
218426785
218856567
218912323
218712019
219058385
218692357
219202895
218875153
218807025
218635531
219187757
218555835
219066755
218714477
218735069
218868365
218479863
218856131
218759897
218350879
218897897
218525243
218953003
218442925
219213671
219150533
218989501
218789485
218382017
218615203
218653885
219197319
218692907
218751077
218997009
219248977
218854077
218890721
218965305
218633341
218425183
219121815
218989969
218625557
218822861
218516581
218934051
218590459
218828377
219209031
219088269
218834565
219245581
219238803
219232423
218776701
219228577
218510349
219080015
219119567
218653465
218993117
218717123
218933607
218842745
219174691
218644175
218631077
218584245
218716613
219204033
218858857
218997769
219179029
219145781
219143505
219204671
219126511
218845981
219140941
219016655
219148333
219012557
218963449
219192867
218904169
218676425
218997761
218737963
218427131
219196947
219110367
218674151
218770275
218970099
219068615
218964509
218794525
218483927
218596517
219090615
219043533
218766321
218831751
218840593
218669661
218993433
218660425
219057199
219127103
218727111
218703715
218722157
218713363
218517861
219176909
218520323
219233751
218581525
218683915
218835241
218814623
219073647
218802103
219075577
218961697
218889357
219137243
218450751
218651773
218779103
219050559
219200961
218828069
218535815
218453145
219002777
218572019
219146455
218724423
218837885
218677471
218510057
219166379
218555269
218778795
218851213
219138877
218645937
218963737
219101369
218619985
218553441
219200167
218899517
219202157
218684737
219250177
219215829
218942675
219210693
218852953
218560335
219211109
218657459
218773051
218919587
218787591
219184665
218567417
218580693
219112695
219078635
218953243
218756255
218299119
218449051
218700825
219205359
219180659
218724487
218574567
218859637
219026123
218795109
218906925
218910283
219236155
219153573
219203463
218797119
218757327
218730175
219031059
218915477
219065357
219204929
219084001
218881635
218836929
218658423
218726287
218639723
218795691
219227939
218841861
218965417
219100129
219219523
218583219
219212437
218786161
218934923
219106025
219221929
218786627
218857191
218964411
219238929
218780325
219095057
218944105
218954779
218663613
218457125
218678537
218859873
219075779
218798325
218996547
218993189
218698369
218548523
219042781
218879779
218619845
219214803
218561659
218895027
218547551
218543463
218686563
218643971
218797987
219054205
219234473
218870101
219194823
218906767
219138741
219117531
218606849
219166125
219159163
219246481
219028211
218446785
218724525
218880523
218466537
219136717
219054317
218686255
219087105
218913435
219141767
218715083
218815377
218581405
218936409
219045995
219135593
218699401
218809619
218526775
218340043
218411117
218721185
218691019
219225359
219016181
219116461
219046915
218540419
218778287
218619611
219021773
219101785
218346059
219147367
219210707
218567059
218572117
219204357
219106593
218832591
219127881
219205179
218858011
218743709
218942953
219154915
218756639
218577077
218849735
219233183
218839745
218963353
218855435
219127013
218667297
219146415
219094203
219004229
218695163
218729745
219094609
218740997
219165045
219228035
218627117
218729261
218889923
218918661
219100557
218707933
219044109
218688129
218532277
219041585
218980289
219049009
218359877
219028199
219213189
219020305
218526643
218711767
218633909
218998473
218464963
218999653
218938403
218869165
218570793
219253615
218706815
219101919
219248159
218917469
218885861
218652673
218806141
218728861
219170729
219106813
219021631
219184331
219103407
219210737
218985283
219172395
218951415
218771633
219124651
219250447
218682317
218828423
218496441
218574537
218998837
219221383
219167243
218751377
218499067
219205793
218710397
218609471
218767945
218692027
219172067
219253505
218891725
218589065
218756145
218954677
218708825
218537019
219076907
218722453
218974461
219151277
218979255
218765675
219250683
218884757
218656865
218753349
219203719
219101285
218676737
218583113
219235407
219132815
218758727
219036373
218886517
218829755
219030961
218651209
218514515
218529693
218999341
218883743
219248111
219215773
218742271
219105653
219134561
218698861
218753621
219228519
219211375
218647379
218888121
219203199
219239239
219043001
219189989
219023117
218828239
219102215
218866633
219118179
218876537
218818975
218919509
219218023
219050325
218800769
219065803
219077901
218503449
218492405
218719695
219231481
219074135
218767853
218775163
219179973
218963225
219038477
218773311
218831809
219070157
218901029
218848283
218804139
218931537
218730495
219242505
218708573
218803591
219213723
218816551
218392135
218665525
219059425
218939167
218825761
218878677
218511997
218435233
218795271
218381761
219058693
219119727
219230765
219145393
218930459
218951225
218649951
218870787
218636783
219149921
218927461
219067809
218766251
219021165
218932599
219176603
218821917
218744775
218970145
218672399
219022723
218788383
218437939
219021691
219129303
218824471
219159713
219247209
218792759
218945573
218975675
218766591
219065877
218668381
218737431
219133837
218501035
219066943
218901439
219243089
219113197
219000765
219236815
218954293
218906749
218966079
218625747
219219345
219103157
218778251
218699369
219213435
219234875
219231549
218404419
219039239
219114721
219016079
219213799
218701355
218884993
219111377
218952193
219062561
218865027
218714241
218685229
219200141
219179697
218519765
219067525
219199299
218998429
218715059
218960365
219210791
219107705
218882087
219000655
218706187
218494467
219253669
219170053
218748509
218977385
218532503
218486427
218947233
218837009
218844379
219175715
218560241
218949419
219091777
219244491
219240899
219060295
218651829
218701979
218600223
219207423
219040893
219125289
218856785
218867099
218715457
219178649
219013095
218986517
219124249
218926501
219061337
219092893
218973511
219148963
219238885
218824525
218560451
219214407
218607133
218516721
219251409
219168811
219222565
218737697
218904891
218824865
218736375
218858371
218611861
218646415
219091751
219251649
218519375
218666159
219118821
219028069
218754017
219063275
218970319
219000695
219058089
218585053
218988661
218624353
219111831
218854693
219072519
219076793
219214685
218953551
218339767
218721827
218679641
218991607
218696123
218698291
218382983
219161233
219153271
218369717
218719541
218906273
218856561
218939379
218522667
219130767
218771481
219228675
219208569
219116977
219200847
218759885
218390091
219146333
219153357
218991395
219032315
219050967
219050449
218972241
218816791
218739475
218965657
218802903
218884769
219228447
218703169
218792989
218977373
218796201
218626871
219122175
219050229
219003085
218604683
218781415
218827507
218554733
218432443
219159273
219080487
218624837
218778271
218989223
219024681
219031567
218783059
218982127
218841305
219232571
218723981
219203231
219123557
218860241
218956731
218810577
218577459
219231517
218465755
219059323
218433285
218682713
218904503
218684115
219173345
219142033
219217399
218973823
218973069
218664001
218913237
218444083
219107805
219153091
218737389
219027073
219090571
219157987
218558241
218487569
219233831
219242571
218964237
219108107
219161485
219186951
218833221
218823423
218707527
218546799
218483657
218659321
218876397
219163727
218413273
218995615
219200405
219245535
218666425
218541843
218573237
218858285
218798925
219238545
218623297
218866279
218494009
218924701
218581853
219094515
219106983
218924809
218643373
218956771
218873431
218905519
219145371
219005963
219041049
219252091
218289799
218935477
219237157
218865737
219095593
219041127
218987793
219054153
218806449
218569269
218558135
219057045
218860761
218926713
219120421
218510361
219229935
219128721
218874127
218857917
218646217
218745459
219127065
218775179
218916123
219070777
219196547
218477351
218413257
219199019
218798671
218772989
219234221
218892731
218729567
218815115
219021263
219034561
218619955
219253267
218871997
219037813
218402759
218800463
218641775
218934261
219015205
218821471
218521709
218947525
218428919
218753589
219056305
218742359
219078887
218759687
218869145
219218745
218905971
218668249
218987287
219186161
219081795
219181431
218404849
218922671
218806567
219103525
218394613
219182693
219186289
219027701
218920835
218341779
218898817
219076325
218907895
218607161
218797303
219016649
218587607
218672725
219022863
218909151
218691011
218846091
219087821
218483319
218933265
219223249
219114615
218777205
218615187
218751575
219125559
218458277
218346521
218597671
219136591
218770045
218838517
218754861
219028029
218587127
218832515
219194925
219236789
218603705
218963367
218499073
218579383
218547871
218652821
219043067
218890999
218895349
218860159
219098293
218523803
219002005
218641991
218969387
218631193
219095903
219014849
218902551
219091215
219029043
218367759
219152629
218945961
218551701
219129035
218749441
218896051
218546951
219037639
219180287
219110513
218773515
218957799
218791931
219085531
219044143
218444877
218486643
218930345
218421983
218451503
219042771
218938469
218832977
218370481
218584563
218762695
219096811
218781219
219090215
218742629
218531271
219226867
218842257
218796961
218585381
218850229
218756481
218402033
218555263
218760293
218824055
219227907
218836683
218946321
218792163
218844651
218435235
218553799
218680605
218870187
218553391
218932831
219134211
219226669
219195695
219194073
218980681
218585321
218699745
218764119
219200247
218837375
219221497
218443495
219069731
218454365
218796321
218894225
218395865
218780427
219104105
218659195
218746603
218839435
218416041
219023173
219060353
218796945
218984203
218964951
219104337
219233987
219003173
218653807
219109541
219248067
218784801
219193295
218911809
218765245
218946307
218768097
218991827
218605993
218784705
219240073
219245407
218797351
218640203
218858301
218856181
218763253
218882125
219154625
218959369
218524957
218488759
218660359
219227031
219104967
218787225
218762359
218830627
219024495
219197681
218388181
219191851
219077355
219180211
218942543
218853525
218906871
219109625
218630063
218735987
218784757
218617993
219214725
218940137
219136705
218922025
219209943
219147197
219198701
219175435
219120903
219118249
218443191
219208937
219201405
219183371
218507459
218977279
218698673
218745375
219244657
219147067
219201103
218799881
219119837
218879353
218867031
218980499
218671911
219195405
219206095
218927095
218501701
219017075
218649083
218798333
219085753
218700115
219252991
219088697
218807625
218777417
218879985
219082729
219156235
218887323
218757991
219060631
218977157
219032123
218694979
218624189
218886265
219163067
219214181
218753033
219143219
218879347
219217699
218921283
218807681
218734011
218714265
218571603
218477683
218423875
218872071
218951579
219018361
218874597
219092397
219188127
219097421
218496723
218594727
218971619
218873699
219011303
218705029
218776909
219058209
219242407
218628641
219190891
218887445
218985747
218942611
218979049
219092631
218384983
219220903
219127439
219226895
219229283
218759549
218646507
218790283
218906581
218993025
218472849
219253575
218298187
218823277
218719157
218838135
218721953
218908437
218962663
218428803
219084275
218817551
218945323
219102049
218579537
218916579
218538203
218596903
218956155
218671939
218906093
218594913
219002351
218857231
218717763
218883497
218785353
219048623
218631481
219201451
218457247
218410113
219190525
218495887
218984289
218959879
218572899
219234853
218908435
218600381
218430983
218611993
219085929
218559885
218702279
219010973
218946003
219181691
219093487
218978649
219012799
218817023
218571229
218644829
219001323
218968877
218900809
218740851
219037031
218880471
218915801
218872233
218657309
218552985
219200187
218628061
219140201
218534525
219026913
219173765
219187581
218746211
219166919
218506925
219169041
219012951
219146051
218843843
218751187
219046609
218787049
219037473
218612589
219239469
218682503
218926265
218730201
218856267
218824857
218890743
218789775
218818541
219091447
218434015
219238985
218740533
218939185
218497881
218676073
219030661
219226747
219085593
218897285
218781599
218678163
219209767
218864329
219202483
218480131
218822783
218769619
219097149
219238415
218982037
218948231
219218497
219042213
218797447
219184105
218733605
218911175
219071375
218852735
218672061
219067931
218827107
218629681
218890891
218752431
218841057
219078977
218518879
219249623
219011399
218903585
218711271
219036333
218889133
218953357
218632809
218880677
219182275
218853111
218832941
218864985
218889987
218971053
219061423
219049979
218768439
219213311
219236093
218572299
218486965
218920069
219206549
218854803
219117353
218752953
218937223
218946585
218612559
218622537
219125749
218819429
218846763
218919407
218415485
219170373
219168295
218897101
218566791
218558323
218775797
219190351
219170545
218855815
219174929
218749753
218657127
218341963
218609715
218408833
218812279
218830949
218424871
218907173
218536033
218689579
218969367
219178185
219051113
219088719
219043907
218712513
218923441
218864755
219054029
218563065
218975187
218850537
218430427
218938145
218830813
218852281
219211571
218760141
218342015
218960657
219031485
219189517
219038921
219225721
219149925
218874543
219184257
219208435
218403175
218697331
219187503
218781015
218421213
218925253
218634581
219180277
218753811
218961843
218993953
218979827
219035857
218466779
218726971
218345735
218945561
219084171
219082839
219080971
218943665
218895299
218633653
218820201
218635633
218756297
218908895
218921187
219111811
219069593
218844721
218523635
219038787
218793455
218541113
219237779
219169951
219024709
218633961
219129037
218598707
218583327
219062935
218564419
218721177
218581153
218954941
219162831
219023359
218669125
218866943
218410771
219046757
218823677
218762833
218745819
218318885
219082793
218832507
219111487
218675237
218817415
219232251
218416153
218787661
218534355
218940891
219116483
218964419
218808957
218726581
219071413
218884447
218583837
219052891
219195559
219016225
218966821
219204151
218919641
218962727
219227551
219247447
219037563
219132451
218805151
219195669
218683413
218532491
219023731
219215527
218881365
218818145
218421143
218923511
218981815
219006281
219141773
219044779
219067919
218974059
218680219
219221367
219145759
218759775
219180967
218959205
218471653
218994021
219026311
219155965
219150897
219201035
219079705
218797017
218563529
219109117
218515377
219207107
218662833
218881253
219254069
218698685
218435917
218909895
218888267
219235485
218863777
218959197
219122903
219198925
218406385
218985163
218814455
218981751
219189667
219138477
219239167
218963297
219169403
219186995
219034267
218872159
218604349
218885775
219028051
218931969
219106555
219174241
219159447
218783505
218771409
218951667
219137977
219037001
218917029
219016681
219049253
219139205
218706499
218700211
218625167
218909525
219053359
218904995
218655587
218707251
218860143
218909231
219167979
219252463
218608275
218962331
219044871
218544743
218695489
218837811
218485821
218927551
218830991
218472575
218535083
218736729
218546457
218585005
218748395
219082497
218937541
219042217
218572957
218792311
218862533
219130797
219134773
219243911
218854707
218562409
218782077
218571169
218991255
218672897
219057343
218497549
218603839
218422491
218449739
218797275
218824295
218387627
218882845
219218647
218733359
219123489
218756015
218462745
218862179
218361743
218703217
219083529
218972163
218400001
218989885
218684801
218951217
218867747
219145619
218694947
218434675
218999377
218839813
218751789
219086377
218956411
218433397
219005981
218354639
219121347
218600113
218569475
218692833
218773117
218962927
218834759
219078655
218826931
218478269
219151027
218852933
218713139
218522229
219087415
219251757
218661303
218990653
219219925
218937245
218631007
218651859
219169559
219201537
218709835
218418227
219153957
218646247
218490071
218915819
218754641
218955795
218903287
218962317
218666093
219012031
218765219
219002365
219047317
218962511
218883137
218361437
218976105
219238507
218396685
218577845
219169693
218983275
219034281
219001385
218718115
218540115
218751525
219221879
219174523
219016429
219096441
218848145
218762993
218797885
218477405
218751485
218837477
219110589
218847019
219059873
218826517
218922337
218827875
219206705
218997179
218997141
219064537
219096919
219002907
218438443
218624753
218713337
218666477
219198499
218939585
219060949
218639923
218762433
219030849
219084443
219217649
218928623
218668507
218810913
218744383
219248825
219165493
219033547
219057049
218357921
218987195
219203103
219115403
219161973
218625709
218901903
219187647
218746583
219210749
218881007
218451187
218621911
218655891
218498391
218713235
219167045
218361337
218910613
219149221
219144007
218736727
218552123
219031069
219229417
218577925
219116287
219230469
218878713
218653219
219033575
218576841
218959111
219209373
218699461
218950759
218958027
218890331
218888105
218739849
218946213
218911713
218687293
219131921
219117817
218341267
218594293
218734473
218973053
218588721
219117913
218825781
219072505
218745691
218987443
219109365
218990303
218449097
218752149
218416989
218592917
218806349
218839291
219182243
219188087
218782241
219035941
218490397
219190369
218956289
218942591
218917431
218647235
219019953
218865925
218978303
219235273
219076609
219172217
218951037
219160049
219058491
218986153
219193325
219150257
219068379
219047991
219024249
218615105
218779937
218619735
218848487
219151875
219159173
218796641
219146977
219086497
218858439
218954407
219055069
218463311
218632785
219131215
219013005
218828951
218959287
218974599
219055923
218901381
218644711
218925469
218773623
219241405
218643605
219022079
219233417
218865173
219186531
218687173
219019435
218886537
219185333
218566943
219190259
219054865
218952299
218538349
218594161
219152581
218791269
218966223
219065285
219159925
218632149
218494789
218919739
219160261
218876803
218780309
219125797
218967951
218968645
218537355
218964313
218928419
218808369
218966495
219149577
218867715
218997101
219208973
218499077
219056141
218826225
218884231
219117517
218880531
219123377
218591161
219200599
219183477
218738963
219004693
219242201
219243773
218792651
218854915
219183077
218517017
218712167
219013871
218774631
219212413
219105741
218421855
218661705
218706193
218993287
218965009
218674191
218772821
219171635
218790837
219131709
218980569
219198319
219098199
218530245
218631191
218758823
218781695
219155623
218795545
218928401
218530567
218688363
218539783
218850103
218943967
218476141
219030351
218340913
218649225
218849159
218935307
218852749
218918229
218853625
219232309
218941367
219165487
218838445
219019055
218319771
219053141
218465373
218978007
219131573
219055003
219093763
218548753
219089569
218691377
218665627
219124361
218872911
218467823
219078853
218817099
218712097
219096249
219182531
218874795
218983175
218911313
219248473
219124181
218931799
219069329
219221649
218873353
218854713
219181463
218850041
218498943
218645795
219240903
219015029
218739695
218428943
219065779
218771141
218740559
218869395
219103833
218997457
219074019
219176193
218996967
218570775
218824165
218508161
218877169
218520723
218788457
218833821
219163413
219104751
218848205
218691987
218821475
218834291
219230673
218493817
218578401
218545151
219061235
219090137
218966773
218940937
218936859
218797667
218824805
218738057
219128383
219080795
218945021
218977621
219149693
219216043
219021003
219113705
219143175
219000791
218868495
219133695
218769945
219030643
219059109
218440693
219174945
218855009
218755437
218672187
218542541
218984595
218833033
219111453
218982445
218933461
219163623
218665793
218896465
218880627
218856191
219216535
219229831
219038717
218869527
218873625
218893685
218942973
218769079
219183307
219025429
218690987
218761347
219169563
218921101
219125355
218824007
218520847
218662511
219024131
218745235
218595877
218525433
218966489
218589271
219071247
219061439
218433093
219021301
218913877
219169871
219105873
219001857
218951103
218723407
218812647
218669981
219248315
218932995
218354995
219128147
218639933
218914065
218854143
218735495
218797237
218870595
218663945
218813445
218937435
218639421
219084985
218927719
219022377
218751303
218919603
218364111
218615527
219091753
218638293
219039729
218308049
218826811
218567535
218561363
218555099
219184853
219044011
219095327
218315091
219081241
218952565
218768411
219004249
218865381
219023835
219235215
218902281
218807675
218915413
218908285
219171697
218584819
218902039
218661095
218745097
219072237
218463893
219090943
218551395
219047765
219002635
218916453
218798473
219088755
218615135
218844575
218698697
218925271
218823573
218990035
219204669
218900695
219240937
218636659
218818873
219067883
219170819
218448863
218794235
218453579
218882411
218685007
219183793
219164089
218793713
218843073
219175277
218617599
218695383
219180181
218822003
219103665
219083119
219155467
219044711
218588001
218876433
218350139
219225747
218925425
219204301
219086363
218952019
219093121
219102779
218412281
218847099
219184039
219219015
218594075
219170867
218838393
219032225
218958053
218934365
218431111
219082089
218822205
218633501
219070945
219037929
219082135
219181083
218696975
219236153
218959041
218960605
219191803
218639233
218987051
218846175
218838471
218881813
218846569
219059033
218563429
219089517
219068093
219174055
219249855
218964757
218496115
218912417
218941941
219128469
219189743
218754729
218893233
219199951
218950747
219033785
218334999
218790123
219193255
219072699
218733075
219216517
219170257
218595313
219201089
218977449
219033289
218878051
218779099
219139345
218367649
218677089
218730471
219153603
219196789
218535419
218874463
218506825
218684933
218829345
218668715
219170793
219182599
218747191
218469993
218949099
218528407
219040373
218748905
218409187
218615159
219041525
219170243
219031497
219187285
218997313
218785783
219220877
219057455
218912361
219125793
219229997
218666035
219242145
219001229
218800645
218923475
218786669
218900985
218567791
219002995
218485731
219017937
219184127
218822427
218504025
218978013
218878625
218971923
218527881
218581769
218643745
219179269
218660431
219046355
218913651
218666563
218716035
219051473
218770859
218927509
219189973
219141679
218470167
218916471
218674451
218798977
219232627
219144151
218849095
218914127
218615241
218814385
219237333
219238051
218876639
218813337
218907623
219067081
219039773
218808517
218833543
218689455
218347881
218812597
218995641
218527173
219052459
218974281
218523853
218732291
218612721
218719823
219031879
219032211
218572707
218604459
218635725
218731049
219025769
218931793
218746061
218957621
218975813
218974985
218645443
218775509
218874229
218704285
218677353
218776199
218796965
218562915
218818367
218853279
218817175
218684925
218889079
218848791
219134731
219075499
218680197
219111921
218327683
218641609
219093421
219033415
219004563
219178269
218723177
218539775
218921327
218734025
218630323
218528441
218552989
219181393
218577145
287587959
219210783
290755784
290755845
290762004
219040925
297963097
219038485
299720795
218756467
598278709
845550765
1225104551
1735917951
1736639172
1737100820
1737108877
218694153
1737141720
2020144526
2020908301
218579321
218840629
2020888996
2020891620
2330246917
2330221123
219191897
218779331
2331450384
218813867
2331451197
2331653392
2331902959
2568112206
2568108571
2508881908
219122989
2730626321
2731501577
2901897463
2921622643
2922779299
218503693
2939170866
2940921851
218700881
2946078515
2946289835
219157961
2952414885
2959220898
2955636821
218652933
218935653
219146857
218550847
2965969152
2973007944
2973194594
218932759
2979263416
2987827957
3028501330
3033448552
3041135715
3041148500
219179935
3047646559
218979663
3076727820
218736847
3091602815
3095869662
3097849608
3098034576
3098039679
3103784908
3103886582
3108565505
3108611254
3110731229
3116622450
3120536100
3122967627
3137201528
3139913078
3140568133
3145874026
3145901912
219187111
3632226746
3647946546
3727397150
218393461
3906327980
4066891951
4167947070
4182007226
4182003300
4187362213
4187379270
4195647072
4196607319
4206849820
4207644017
4208713896
219146983
4215157866
4223040693
4222929377
219100963
4223446506
4223675186
218921075
4231619483
4232227321
4233670254
4246978790
4247515791
218549625
4266963052
218552699
218531475
218785913
218579123
4325420535
4343241911
218831467
218960721
4351693891
4351983526
219066347
218598327
219099797
219189963
219117319
219020211
218825375
219077455
218898049
218648943
218993919
218642005
218679073
218901081
218937915
218732715
218692661
219253951
218927903
219198083
219026145
218572573
218616981
219160423
218970727
218913721
218876091
218906491
218872393
218387435
219073319
219173743
218484901
218947275
218763805
219240193
219228239
218933165
218513105
218950315
219102113
218936819
219043961
218992583
219001779
218966055
218584313
219206035
218721685
218395943
219225241
219076933
219099643
218527253
218987661
218685217
218999925
218601795
218901021
219223831
219190587
219028227
219104799
219180795
219170473
219171215
218956815
218582335
219139593
219187791
219116815
218313601
219197137
219179387
218958409
218663761
218663339
218869553
219138913
219053255
218980143
219048533
218868263
218766991
218885295
219055515
218955441
218424681
218878837
218894283
219031297
219182425
219209689
218560081
218937179
219073729
218652423
219183495
219149349
219133059
219139113
218571795
603211669
218533261
219105255
219177375
218912377
219067279
219121255
218778583
218480263
218646101
218325317
219211039
219044079
219233445
218636455
218520267
219208067
218488723
218673219
218957571
218776615
218854411
218716073
218454649
219111167
219004269
218820711
219026357
218474339
218788977
218591277
218989145
219146243
219063817
218736945
218552281
219192615
218375559
218819743
218831971
218600603
218973445
219231579
219049743
218623255
218618627
218738477
218311609
218913873
218576403
219159451
218689617
218882321
218921013
218402075
219217049
219142425
218289837
219046749
218741349
219113203
219046199
218680071
219251777
218754517
218729755
219194225
219124677
219040305
219212333
219165801
218803187
219134011
218987101
219179755
219149575
218859159
218700749
218805399
218553977
218728147
218507507
219053759
219003213
218887619
219218177
218595505
218419677
219088049
218717057
218942073
219061325
219044625
219113311
218833457
218553089
219203239
218929275
219173179
218291361
218727465
218858487
218460787
218454561
219144627
219234023
219238739
218920613
218754319
218570217
218619135
218657335
218898643
219032673
219024503
218920385
218971775
218794641
219197197
218920897
219222783
218567025
218695165
219045679
218821465
218355683
218751881
218667199
218525545
219177523
219013287
219051411
218421253
219247201
219101447
218749775
218748179
218499771
218943233
218973761
219094423
219253271
218750341
219110021
219167507
218725753
218945113
219220129
218986977
219187127
219181273
218761801
218372985
219093437
218723767
218351565
219158225
218931783
219040201
218900723
219214697
218950377
218996833
219040831
219128809
218460387
218487863
219150909
218989745
218749671
219059187
219226323
218770345
218541441
218651911
218598373
219130139
218837905
218458083
219156829
219110853
218826065
218711031
219206983
218807169
218993989
219245747
218645135
219208511
219204391
219236395
218743421
219088209
218502847
218326513
218782795
218786939
218711579
218510591
218527807
219114847
218919327
218887853
218955533
218596461
218738481
219152701
218605149
218984735
219065247
218809003
218923623
218437039
218462797
219104339
219208211
218588637
218953211
218416819
218651387
218890207
218871071
219196487
218798611
218858919
218891557
218813917
219129213
219082599
219188993
219154735
218669537
219253767
218964899
218498887
218360713
218740985
218980057
218752199
218513729
218436481
218963517
218921431
219051423
218736009
219213455
218876831
218715089
218645639
219028865
219073561
219176085
218730905
219189165
218927409
219240857
218680781
218795839
218774917
219188645
219213497
219004765
218514229
218323321
218736227
218785191
218878421
218852599
219246539
218522813
219232141
218739361
219187159
218919355
218598569
219174877
219230083
218664009
218905103
3070250587
3084689064
3086019490
3086219679
218607419
218655165
219135437
219165873
3097843008
218488919
3101518570
3101547620
3101834912
218993291
219142457
218671309
3102530290
3102553928
3102756205
218870235
3102775761
3102948769
3103084602
3103270362
3103303829
3103313377
218562467
3103399097
3103406303
3103537100
3103558473
218962943
3103564718
3103762207
3103968304
3104155980
3104309774
3104656674
218943749
218860487
3108406080
3108406326
3108406755
219000733
218611051
3108557242
3108622127
218827319
3108660295
3109821629
3109233485
3110683960
3110738431
218814231
3111271359
3111295473
219168307
3112711691
218565549
218516335
3113110593
3113119874
3113862239
219246693
219120205
219051435
219253195
3121669535
218765071
218561875
219180899
218692255
3122497094
218728539
218498463
3128101616
218872429
3128807461
3129034369
219187171
3129694154
3130675100
218794391
218648667
3136156649
3136606151
3136859943
219004639
3137412205
3140024473
219021193
3140302873
218649667
218789029
219150171
218868817
218855649
219178277
3148348281
3149191571
3149346308
3149349785
3149350133
219016407
218745791
3153622193
3153623920
218902301
3153834062
218537477
218764157
218802007
219201309
219236059
3568039810
3632222887
3647946849
3727397488
219223483
218512177
219241871
219171221
3909956270
218984639
3925351752
3926420828
4090507921
4107042534
4107043117
218850589
4178450281
218470673
4178769485
4181525375
219143547
218587345
4182815236
4182872883
218953771
4183222393
219152687
218870761
218585099
219101069
4187459268
218660275
218835325
219039723
219034845
218929233
218889933
4190588052
4194524285
4194549918
4194737019
4195186313
4195482676
4195491626
4195651927
4195650475
218938049
4196581872
4202733447
4202741320
4207295655
219063235
218811455
219108895
4213584606
218870577
4213578934
4214631800
4215155825
4215156342
4215542339
4216281976
4221105480
4223374833
4222931920
4223266393
4223298358
4223446329
4223667518
218690691
4224634341
219002783
4232340523
219147475
4232684589
4232687243
218728953
218765993
4233662145
4233753382
218597943
4238548437
4239146844
4240529800
4246552527
4247686012
218725499
218335625
218614973
4257202221
4257795220
4257922384
218809351
4264483851
4264750448
4264818028
4264867014
4265052632
219188243
218822677
219113163
219223795
218532809
4270193269
219056063
4277576968
4267087676
4279660273
219230601
4280130342
219234199
4290011989
4290336421
218354025
219150477
218823325
218736753
4317764338
4317754527
4317818031
218392727
218646691
218378043
4318822994
4319000888
219161681
218867733
4324759853
218507913
4325951211
4327177233
218573659
4336124883
218494655
4335381637
4336112236
4336195771
218613215
4343243251
4343623736
218984671
218462003
218498049
4350582880
4350665352
4350658448
218437025
4351346835
4351366447
4351666370
4351651642
219249579
4352544664
218835947
4361384030
4363209468
4367197789
4374453837
218814071
4463769726
4379496940
218755935
4379657438
4463177099
4463243925
4463520174
219247391
218776959
4463490538
218382645
4463966257
4464029348
219221287
4470722771
218753109
4478088928
4478456176
218914381
218860279
4479506438
4479576502
4479579125
4479712357
219177687
4479715445
218762951
4485534333
4485590137
4485794784
4485907593
4485857263
218867001
4485883461
218540987
4486118558
4488207080
4488787681
4491410382
4493275748
4497244936
4493788674
4497122147
4497376050
218891407
4497595326
4497725453
4497724530
4497759139
4497897801
4497973530
219226325
4498111763
4498222142
4498315832
4499069091
218628017
4499184631
218908505
4505869958
218907827
4506270151
219016543
4506493586
218848127
4507857423
4508304510
4508363030
4510253282
218626859
4515248592
4515052247
4515249452
219029367
218828911
4516200671
219199615
4516381536
4516604549
218645065
4522259442
4522668834
4522801884
4522890214
4523004109
4523396827
219111911
219179599
4524074360
218961317
4524275863
218867637
4533608815
4533999415
4534779686
218861943
4535029153
4537239096
4537302551
219033685
4538049779
4538050343
218888679
4538263007
4538254033
4538410294
218974567
218624897
4544078232
4545196641
218895739
4546345947
4546133844
4546175780
4546343275
4546267451
4546460565
219169937
4546483795
4546492112
4546594785
4552738356
4552988758
4553265257
4553464872
4555191982
219193551
4557556037
4558218302
219074641
4564657651
218882921
218700463
218980025
4570444008
4571869539
4572195170
4575198634
4578382124
4578930670
4579024443
4579563309
218562185
219186709
219086987
218602345
218722489
218396487
218877475
218314167
218969537
219096181
218721237
218578507
218477329
219129735
218608103
218540065
218341721
218826739
4604457260
218550283
218578055
218352851
218673241
218677403
219184955
218489297
218345251
218812923
219245939
218509385
218627895
219083689
218958797
218879679
218379749
218659429
218576417
218716745
219003363
218983187
219105477
218682213
218664011
218874417
219237997
218444251
218849595
219161099
219252479
218876731
218985897
218539595
219201955
218359099
218460557
219224977
219142031
218947479
219172243
219114587
218960281
218825733
218816049
218725281
218703037
218955953
218864049
218697921
218914677
218486215
218606829
218582945
218850925
218782289
218898767
218798271
219082297
218659077
219210119
218377149
218561959
219189351
218502989
218541297
219214257
219110919
219168269
218435257
218765391
219076751
218457475
218481365
218809113
218846985
218618031
219187107
218808749
219091317
218977187
218942671
218644315
218932625
218731799
219055105
218914713
218873931
218657727
219020069
219199595
219056137
219245167
219170685
219228191
218863897
219050507
218676541
218730879
219064119
218580257
219081583
219205017
218863131
218724177
219115375
218808483
218680823
219115021
218555689
219222503
218773305
218882909
219204589
218737251
219233769
218821585
218386395
218643227
219094569
218948533
218845813
218932889
218898095
218394439
219197055
218513457
219091885
218865035
218601429
218766045
219225295
218944577
218478753
218500025
218515117
218736253
218812277
218717421
218899623
218548969
218557419
219228823
219022859
219237863
218587203
218685273
219044141
219085743
219134817
219250543
218515535
218633593
218821509
218667227
218665457
218761951
219195143
218832253
218808357
218970901
219167611
218980345
218778937
218756291
218553683
218985127
218800545
218832125
218972793
218838643
219205217
218802269
218770899
218552537
218434269
218430657
218788123
218534057
219055953
219090403
219113357
218794567
218419681
218781379
218908553
219059941
219155461
219046687
219130219
218947401
218695197
218654617
218896435
218813597
218821981
219004427
218771493
218443307
218998437
218942265
218808321
218701175
218967105
218981977
218819391
219066061
218871357
218993777
218993941
218918497
218889065
219223269
219067137
218513865
218425637
218821651
219147533
218401453
218802831
218484231
218619427
218964527
218681623
218604185
218743009
218985337
219145399
218531905
219077903
218948009
219179017
218611013
218631789
218535703
219086715
219182193
218823181
219217951
219049463
218964455
219103841
219109389
219142115
219030025
218770129
218755973
218999311
218931225
218686503
218821501
218469453
218641533
218527475
219243863
219084855
219115709
218853443
218901153
219228009
219087705
218912199
218550139
218614441
219138777
219121217
218539691
219151529
218832775
218978265
218724019
218591635
219122945
218910933
219108857
218518849
218977557
218533465
218612393
219021567
218622347
218441583
218831701
218554429
219227355
218914915
219108981
218905039
218935753
219231795
218703737
218709497
219130263
219236399
218723219
218821511
219109293
218923925
219215455
218797637
218974603
218650109
218555733
218571677
218529761
218311551
218696645
218746967
218899647
218374985
218663913
218959941
218895767
219033723
218807901
219069207
218999921
218732459
218769987
218858211
219111121
218756139
219085337
218876165
218640459
218543051
219086507
219223701
218786323
218606499
218883447
219203221
219202579
218536723
218591581
218755023
218906165
218636279
219147911
219233817
219147059
218807559
218880089
219142367
218835163
218767189
218809015
218696725
218798181
219160047
219006261
218775547
219028625
218751193
218507169
218753849
219248361
219226301
218900321
218880109
218864393
218834115
218542679
219153647
219181339
218624987
218720895
219202951
219244135
218752861
219166191
218867369
219147499
218515579
218969509
219059543
218947587
219069905
219080745
218417173
218854981
218845657
219202909
218767013
219057381
219183221
218680907
218911827
218555653
218673063
218857621
219140149
218838369
219178621
218770197
218664949
219180547
218772177
219248857
218771529
218901585
218708605
219049139
219209791
218451117
218969819
219069097
219159063
218681199
219017203
218618661
218804871
218979221
219232853
219227743
218936075
218918835
219003103
218362627
218556443
218728799
219022155
218559017
218670573
218944009
218753375
218556527
219064673
218977899
219197821
219020579
219071093
218662405
218917283
218674809
219250297
219212961
219225769
218764657
218793895
218593611
218996809
218628427
218636255
218746559
218904589
219051363
218910265
218591659
219046997
219076717
219059467
219147735
218899567
218889085
218993543
218632959
218807095
218992725
218485905
218844537
218768249
218654091
218845791
218564819
218754547
219087193
219209141
218517253
218509503
218645251
218905233
218620057
218723871
219111165
219003551
218531087
218929373
219194511
218775733
219170065
218921601
218872889
218813241
218947733
218717837
219185415
218678195
218829823
219189483
218598535
218876841
218549717
218870999
219191331
218912125
219177547
218656121
218957477
218340583
218763139
218872717
218941203
218849053
218659805
218767527
218793635
219104439
218902479
218691873
219208387
219226861
219005147
219201555
218732901
219158987
219071615
219011037
218585203
219189385
218936867
219086369
218395805
218887213
219236533
219193721
218629801
218872109
219246949
219233763
219088865
218923749
219100057
219182645
218572493
218909075
218664393
219244985
218752781
218812563
218760733
218865443
218631471
218808219
218434261
219096711
218693373
219117893
219241271
219239547
218789275
218582557
218385545
218599399
219160955
219237319
219022287
218821959
218718237
219155411
218558647
219080635
218973875
219146237
219185687
218750619
218533867
219219869
219237875
218727227
218754931
218474959
218967583
219072877
218796041
219153141
218785111
218687507
219167561
218887789
219199045
218918781
219127659
218732993
218947581
218795907
218779525
219200963
218388119
218821177
218371795
218590073
219106087
218686033
218964087
218712135
218575585
218720283
219031313
219111371
218409405
218994519
218734953
219199565
218838533
219171595
218593411
218846353
218787755
219222427
219251845
219086139
219128179
219012125
218706883
219120519
218660259
218780321
219078471
218478047
219223155
219182023
219167999
218711997
219073599
218659039
219182121
219181709
219115295
218935025
219206367
218909937
218753475
218972679
218754779
218896065
219099007
218826127
218843283
218944123
218929413
218799021
218360413
218719877
218549303
219088615
218958729
218924437
219246847
218572477
218655749
219105109
219183229
218625031
219179675
218390589
219030147
219226857
219162331
218489847
218745991
218803445
219173061
219232107
219252051
218606451
218807783
218348185
219231059
218800665
218707037
219247233
218654753
219086337
218944429
218600403
218804203
218871825
218392723
218847759
218997135
218818465
219172177
218948115
219098567
218804353
218321875
218672265
219060405
218969069
218947295
218904333
218849175
218958959
219247739
219032765
218948575
218894945
219061453
219209961
219052585
218972401
218580789
219036691
219205791
218865327
219169861
218832335
219126731
219118921
218675919
219154729
219071995
218930115
218954307
218936385
218666557
219026023
219125769
219181109
218602323
219012801
218494051
218452053
218937273
218896345
218869331
219084475
218643449
219040189
218600413
218889633
219026603
219097309
219000903
218839709
219105419
219049265
219053061
219088191
219067951
219177403
218884901
219078531
219012581
219017853
218898053
219093051
218740855
218813681
219180669
219092341
218950779
218692149
219033281
219025613
219044153
219205111
218667291
218726685
218685349
218965957
218748369
218521229
218984395
219142853
218838651
219246967
219181351
218717775
218423465
218704345
219213873
219113897
218759975
218576825
219023741
219048513
218415701
218993033
218736803
219203207
219091491
218471593
219035093
218523269
218897935
218614683
219034753
218783135
219012271
219193627
219116743
218940825
218635545
219116329
218992065
219083993
219101093
219126041
219210645
219177817
218825459
218824701
218766133
218780139
219236021
219132895
219015713
219006051
218883605
218795409
219140487
218871387
219109477
219151903
218853631
218944085
218777689
218739897
219171205
218561523
219231871
218770745
219017517
219147033
218952613
218937719
218601061
219051215
219183045
218826515
219210613
218344599
218722969
219212051
218976775
219205165
219187119
218967701
219183193
219143823
218892111
218961179
219091121
218708273
219231233
219051301
219232893
219139447
219226877
219231223
218370461
218903083
219014433
218886013
219192965
218970703
219113715
219176427
218855271
218875971
218570389
218670631
219086145
218804307
219004067
218464727
219028179
219145561
218913825
219232425
219144043
218764419
218331627
218810135
218860593
218659619
218783329
218636891
219014389
218702757
218984927
219083433
218547733
218350873
219094337
218934159
219181101
219207933
219203415
219160557
219087103
219233847
218956021
219215477
219057627
219157363
218743381
219018327
218774155
219122029
218658315
219074521
219176817
218568445
219095549
219100727
218860459
218583729
219091241
219121265
219115257
219001621
218603511
218538103
218763481
218695657
218941575
219251795
218362175
219068051
219235091
219186487
218509431
218921953
218995887
219206377
219095711
218670367
218684915
218760497
218855625
219241809
218801459
218682795
218939249
219225601
218908399
218975031
219012193
219200973
219059127
219126501
218462951
219154829
218744185
218589573
218627757
218646053
218995433
219018631
218894571
218937663
218920761
219085987
219208257
218955267
218881091
218996957
218775491
219011243
219196441
218881787
218961679
218682131
219137671
218958593
219025355
219151131
219132363
218937233
218983773
218551019
219182127
218892863
219240351
219142491
218982965
219149177
219130691
218700909
219207205
218773461
218845469
218928497
218561691
219114085
218745401
218420321
218538891
218520731
219038581
219163415
219014013
219100425
219096447
218584349
218792733
218554503
218889477
219167613
219200627
218643961
218927591
219221855
219084767
219087991
219006415
219086785
218892645
219096127
219156703
219151011
218579249
219106093
218999155
219072823
218731375
218770395
219125753
219134121
218727935
219042325
219196401
219001731
218638205
218977515
219037083
219213381
218873989
218893753
218439209
219053079
219075245
218433365
218777855
219078009
218515227
218548905
218911873
218410369
219064349
219097113
219145693
218820197
218944053
219177431
219076353
218921629
218913167
218576621
219052069
218622515
219103405
218891843
218574395
218791043
218453641
218437387
218806051
218601131
218826487
218788235
218536057
218311601
218721421
218642469
218863221
218652445
218496357
218433707
218776333
218823361
219200833
218631993
218611353
218765225
218953363
218377585
219011159
218971421
218487843
218882131
218458369
218693679
218685185
218396907
219172057
218911781
219174909
218871603
218965447
218370455
219118145
218689805
218728039
218745405
218634577
218814563
218582403
218728585
218742537
218584967
218755193
218431027
218481317
218804075
218549423
218963531
218596559
218812865
218527055
218384869
218526369
218676419
218764025
218501917
218751865
218431159
219123591
218710393
218841839
218546133
218683737
218545905
218682881
218817223
218770293
218793781
218728955
218777637
218530429
218729607
218369055
218787465
219216543
219236755
218670211
218651541
218524259
218844103
218851363
218813333
218621623
218804711
218900561
219002687
218692107
219054995
218991363
219047851
218940469
218980527
218779673
218556913
218664883
219075733
219155373
218558463
218664223
218744537
219011143
218593525
218460983
219001411
218662885
218967597
218546507
219131543
218716419
219011327
219065569
218746079
218744973
218530283
218797121
218656493
218637805
218677613
218952499
218525311
219068695
218508467
218477731
218797021
218567325
218783885
219213375
218658791
218590419
218830025
218865759
218807807
218866969
218973219
218616311
218311909
218971433
218427241
218405809
218593349
218375445
218461795
218557461
218510527
218869207
218344717
218437497
218708433
218552209
218413087
218536679
218684799
218544645
218630409
218960481
218571081
218973953
218690827
218480301
218555935
218537691
218617935
219116233
218331399
218612339
218477581
219134821
219052455
218631435
219170057
219058517
218445453
218651933
218632395
218526927
218686181
219111849
218373069
218966153
218971287
218697629
218725735
218704119
218728271
218451619
218610129
218664599
218426153
218598933
218911599
218966531
218927513
218402067
218684297
218549211
219003517
218290699
219241989
218784291
218851243
218675001
218668181
218916535
218658293
218771571
219022281
218424085
218395637
218995745
218873295
218723077
219102399
219078129
219022839
219162895
219012583
218927219
218950769
218689135
218731683
218775529
218378965
218727797
218679175
218970771
218611671
218916595
218519033
218568531
219044107
218795341
218713489
218793769
218791811
218795475
218447295
218516603
218843785
218490517
218491839
218636581
218784071
218330225
218860003
218567615
218500485
218852701
218532347
218390309
218436911
218723739
218572977
218566633
218822161
218620963
218724235
218479611
218642463
218723443
218653813
218552023
218651123
218429521
219185283
218466321
218527855
218404695
218481763
218402271
218912297
218354279
218381353
218685801
218497795
218516077
218797309
218372225
218668119
218828453
219012769
218978913
218589651
218707581
218958233
218530919
218303197
218720271
218452091
218568929
218575939
218938589
218805721
218824759
218645663
218827957
218787879
218883071
219220509
218445941
218517145
218837451
218721663
218523167
218689733
218769469
218778273
218704293
218493893
218916739
218508361
218528925
218559287
218609547
218775829
218475055
218624979
218351351
218539395
218678997
219160969
218417809
218703711
218468891
218352131
218950089
218948415
218449359
218522971
218878039
218840911
218975465
218644379
218786813
218701729
218749979
218682431
218841497
218402533
218575771
218510623
219034265
218811667
218752033
218712389
219112427
218878477
218964731
218456349
218448783
218364677
218685515
218559159
218899423
218388709
218963821
218774735
218690837
218917599
218497893
218893079
218459517
218514095
218737609
218559791
218518903
218680617
218815997
218752419
218410895
218561345
218487533
218625007
218630313
218544155
218574557
218386017
218615007
218444887
218730463
218641279
218806519
218575805
218407065
219156025
218725183
218776147
218459047
218670849
218705629
218496113
218600867
218615737
218734265
218581467
218951259
218894263
219010741
218607717
218555889
219200951
218880031
219203383
218626417
218777981
218643423
218959949
218517739
218515627
218512405
218825545
218564867
218752727
218428997
218550451
218909313
218597719
218880307
219003953
218665589
218919075
218599569
218936317
218769911
218946741
218779005
218810503
218564381
218533779
219071255
218843839
218927565
219057271
218400133
218339939
218408757
218637059
218822271
218688001
218299223
218675939
218797347
218557959
218387295
218439787
218631213
218600237
219022899
218525831
218623737
218784901
218782447
218908019
218699175
218442101
218604795
218770335
218496705
218662329
218695721
218879769
218551245
218553087
218827059
218754579
218609135
218400125
218457479
218395007
218546945
218940209
218813563
219187497
218317645
218678071
218667447
219105037
218632155
219157393
218380839
218377137
218370087
218463885
218759927
218530999
218437867
218641805
218386053
218345023
218338607
218676309
218413191
218806523
218771839
218625199
218451787
218593069
218590479
218527567
218931925
218735111
218376077
218555799
218544229
218774043
218587195
218554413
218677059
219038587
218840411
218537251
218473737
218394671
219182763
218711935
218296185
218766829
218602289
218986101
218931887
218586227
218439987
218538159
218839453
218576295
218397997
218793187
218687821
218820507
219082907
218934795
218696601
218313321
218489171
218689275
218435997
218423753
218309803
218451181
218546215
218482577
218548321
218560213
218547599
218611351
218911893
218758003
218566557
218907817
218617049
218475517
218331785
218783235
218381669
218825665
218461319
218415149
218448479
218503141
218630849
218371703
218711581
218778759
218713863
218673467
218546259
218606199
218402569
218517687
218443971
218511769
218700621
218810077
218492243
218478921
218430449
218769595
218449205
218462683
218673865
218462743
218796895
218389039
218393007
218608061
218645735
218651223
218653239
218485355
218581483
218608827
218534413
218845177
218889893
218409889
218659823
218429677
218864933
218431153
218851289
218877739
218328175
218356379
218508249
218790699
218379231
218396371
218641549
218561341
218485069
218854085
218796325
218643201
218499711
218616623
218720645
218448663
218701843
218824679
218398575
218476977
218421707
218471213
218520055
218611111
218681943
218622301
218768669
218617737
218724997
218693977
218706901
218640039
218431909
218576147
218531359
218405833
218518537
218532891
218799081
218365423
218605259
218434007
218657161
218325125
218684507
218443283
218386751
218428745
218478291
218688355
218384253
219031763
218366703
218849401
218471335
218467671
218626381
218667461
218695809
218424697
218441655
218383919
218832113
218672521
218703509
218889221
218559149
218795999
218306399
218815641
218846647
218662977
218591255
218577137
218508625
218860897
218424021
218498387
218844175
218580799
218881721
218927217
218488083
218534017
218928969
218527379
218545495
218928767
218653067
218928261
218924685
218658835
218635429
218665819
218383721
218833961
218574145
218389847
218691047
218450229
219179043
218740785
218760977
218959547
218665887
218753651
218392105
218466219
218577899
218718657
218512403
218360193
218737027
218410261
218349339
218577867
218916413
218456891
218615769
218695099
218331883
218759019
218726951
218476267
218447971
218707599
218488691
218508655
218378759
218696417
218843507
218314817
218453603
218813263
218896585
218370613
218408629
218338641
218505195
218345901
218704221
218576995
218643541
218614961
218666109
218648511
218704343
218317373
218670347
218567739
218614483
218694227
218351547
218609541
218413655
218593497
218403919
218601547
218747663
219076171
218486051
218467853
218814429
218773607
218761889
218750149
218786685
218809005
218783881
218947447
218866095
218445369
218480413
218495693
218547833
218499163
218650925
218353805
218788569
218554783
218617279
218877589
218477945
218537877
218603331
218641141
218558995
218546693
218582939
218339243
218804969
218572523
218654747
218637555
218678437
218887111
218582705
218303259
218840397
218847263
218845465
218490939
218882755
218858693
218375625
218426311
218905195
218745173
218663963
218809899
218644089
218737393
218595939
218368045
218450987
218583255
218602615
218831391
218681669
218595355
218507851
218887783
218765067
218496769
218536911
218577535
218719693
218560961
218761161
218515449
218702361
218585231
218945479
218571757
218519445
218871641
218460455
218694219
218887723
218899925
218912423
218491047
218680747
218321453
218341029
218713761
218516941
218392589
218710435
218559373
218691441
218662577
218674847
219051563
218691307
218632893
218503987
218503035
218820015
218639861
218486767
218730749
218487961
218738605
218487587
218437401
219057551
218993375
218709729
218330333
218702695
218999679
218430227
218676459
218458383
219223391
218431305
218392817
218936635
218678733
218862955
219185697
219248279
219168351
218859035
218716339
218888377
218959387
218599433
218555377
218779869
219019663
218640475
218945489
218718307
218842889
218719739
218829261
218548961
218391227
218592131
218645083
218929155
219138311
219101749
218694149
219111139
219233329
219122833
219042587
218993603
218664217
219232959
219049701
218928153
218314885
218938779
218597395
218555423
219040083
219252167
218533419
218744277
218575465
218915269
218826733
219161943
218762879
218785283
218950943
218449369
218641757
218573167
218785801
218446003
218670775
218513145
218841035
219105809
218522775
218759577
218802507
218619627
218541597
218973261
218809265
219247357
218512815
218700783
218693669
218605449
218948023
219093619
218427243
218374277
218611423
218526825
218698245
218624319
218524685
218519043
218587381
218641297
218783795
218755039
219101917
218706933
218517181
218977067
218470369
218896085
218709755
218446845
218468853
219132911
218745255
218834621
218971821
219054623
218788793
218876853
218531907
218537977
218734777
218425955
219071073
219198369
218777541
218959513
218875017
219020539
218783465
218693313
218598463
219094829
218653105
219013741
218832191
218891679
218589067
218999919
218485437
218856537
218983159
219121695
218804665
219167077
218463717
218597315
218541541
218652815
218874177
218634113
218729137
218842925
219117257
218811271
218583123
218564955
218892453
218610095
218843735
218884191
218489437
219015063
218415437
218702861
218939339
218476431
218954977
218949267
218612357
218889655
218708729
218748529
218320469
218846803
218642623
218634441
218887931
218886597
218927135
218314279
218660769
218612195
218837789
218740279
218702815
218485129
218546165
218719711
218450073
219028015
218452753
218697867
218645395
218551435
218709593
218730185
219057555
218728481
219172267
218476433
218638537
219101991
218765655
219054609
218850337
218673367
219041785
218908869
218694583
219123761
218871337
218677925
218993861
218984035
218692843
219116345
218396341
218587725
218814985
218564755
218764795
219201599
218947921
218988035
218578733
218489873
219078025
218976149
218810157
219193973
218792857
219167163
218967735
219028987
219107831
219207703
219105537
218853477
219091929
218458619
218642129
218887633
218677655
219133761
218672679
218812823
219024077
218808079
218860011
219155941
219104727
219079045
218842891
219114631
218571907
218564193
218434545
219106415
218481539
218498881
218534475
219003153
218983077
218878359
218342299
219198751
218807871
218907837
219208705
219192739
218761845
218672121
218952409
218492255
219229229
218858727
219061871
219104323
218695645
218882657
219202297
218480521
219211331
219055315
218914083
218538175
218856679
218948157
218541565
218630721
219184753
218905329
219192269
218540781
218682363
218757965
218863993
219095771
218527179
218621313
219212343
219122577
218560665
218916607
218935845
218709827
219115179
218557431
218546773
218719479
218404241
219175219
219177151
218702747
218365489
218884657
219181063
219116031
219114309
219176535
218479591
219114955
219012085
219004163
218556211
218723575
218987983
219097505
219087861
218857285
219025805
219227085
218756323
218863565
218515687
218478077
218842187
218948663
219167903
218771655
218578431
219236159
219109373
219111693
218746957
219246595
219052867
218842117
218763551
218744683
218771509
218591533
218426113
219001433
219243457
218760449
219108431
218729321
219163315
219230613
218834339
218603163
219017637
218788837
218656847
218702827
219111633
218434973
218683889
218881349
218525183
218787123
218441937
218501627
218711479
218693567
218938023
218789405
219143831
218643851
219163017
218573449
218627185
218998107
218618795
218479803
218824321
219167371
218918883
218532677
218760307
218645949
218892473
219192729
218981967
218612249
219120715
218977645
218673657
218608487
218535353
218961349
218859273
218808539
218803265
219208501
219055435
218912777
218750207
219030253
218916297
219025873
218626531
218815281
218797835
219242473
219145583
219124713
219213149
218783441
219208479
218912119
218840131
218755453
218803211
219215897
218992005
218493537
218317959
218508797
218997315
218679059
219030475
219178761
219156789
219068111
218708763
218531951
218892247
219014177
218502267
219248187
218720091
219066795
218563217
218738105
219086231
218646381
218868867
218958987
218996325
219173365
219114693
218828157
219000919
219111179
218672917
219050803
218428807
218777845
218772381
218951565
218953469
218587187
219127929
218982129
219019231
218749931
219002681
218691519
218846469
219236637
218819431
218734523
219164313
218475057
218518731
218820761
219186193
218476489
219233035
218869599
219126187
218925449
218693075
219250831
218935465
218535791
218733141
219098455
219126493
219128009
219235051
219210375
2992141862
219181867
2992142821
218659427
219195997
218852155
218663903
219043157
219173595
219230955
218884831
219161983
218565239
218911083
218962277
218928597
219138505
218422065
218727717
218921297
219020239
218786703
218907521
219230811
218993671
219228309
219115061
219236629
218967375
218508955
219086061
218310753
218632759
218858589
218508003
219154119
218412693
218801359
218877813
219163179
218559737
218965569
219142111
219190435
218884267
219086023
219232963
218891137
218899915
219125079
218949059
218486181
218457007
218941617
219155355
219228259
218616169
218478163
218720797
218565319
219159685
219101891
219085435
218900593
219192763
219123171
219159229
219047613
218923737
218803717
219242761
219185375
218575141
218774669
218840605
281220225
295796905
295794753
295796267
2992174219
219068729
218722027
218481671
219016267
219108881
218437029
218546571
218669555
218405247
218613837
218389461
218937279
218769693
218816151
218469715
218850893
218773265
218643193
219110801
218842239
218684775
218740165
218685729
218721503
218390279
219138511
218540009
219172613
218559815
218937477
218469487
218628125
219115099
218378117
218733941
218565275
218723685
218826691
218899143
218916597
218925121
218828125
219081955
218721843
218598979
218651271
219037967
218998331
219186537
218440689
219144515
219241089
219244095
218954631
219021139
218923083
218919329
218805643
218937305
218758939
218658343
219149549
219094619
218510039
218642511
219176175
2992292871
219001913
218438317
2992293488
219185293
2992294286
219120619
218924623
218397673
219244353
218451663
218820055
218613671
218740445
218708305
218849811
218843665
219074507
218390995
218733685
218630499
218794497
218746541
218986533
218645357
218735871
218630067
218974419
218986137
218672015
218842475
218844321
218886757
218880289
218636989
218621943
218891319
218993177
218849841
218963707
218720331
219124729
219166591
218894881
218437195
218588513
218596883
219214207
218486703
218635385
218569037
218395501
218977655
218770931
218857989
219059689
218647723
219031211
218869831
218726357
218915219
218776771
218835423
218768797
218702141
219037805
218432895
218813835
218877477
218612415
218618617
218637815
219114789
218782555
218985763
218577647
218739135
218545459
218344007
218614257
218779095
218990867
218727869
219035429
218329591
219014127
218974303
218727261
218616339
219031535
218424137
218953491
219197037
218457525
218536335
218980487
218475673
218383719
218619815
218686291
218544351
219011151
219125393
218969267
219030311
218804539
218898727
218599771
219016943
218885211
218857217
218325557
218504971
219074865
218422281
218812859
218805699
218842345
219127641
218933711
218364127
218857283
218530861
218702039
218654669
218738369
218571845
219042595
218906553
218968987
218951289
219063927
218842003
218566709
218517567
218629011
218830821
218679881
218588643
218415169
218348909
218427033
218669733
218409111
218749211
218365519
218810269
218697457
218497693
218614489
218624565
218410253
218404129
218347917
218498007
218848379
218584805
218519309
218541533
218578825
218605587
218647311
218635285
218665271
218746379
218720343
218497831
218491319
218673545
218448139
218761229
218432039
218550089
218660331
218356119
218615305
218709853
218792953
218717801
218371749
218593515
218500681
218869391
218442893
218788141
218485737
218516929
218614151
218393071
218973009
218671221
218538261
218496303
218300257
218636975
218366659
218381155
218420483
218503173
218409191
218346147
218688605
218397733
218320483
218560491
218631115
218562699
218470643
218610507
218667839
218554277
218416711
218579715
218638349
218575563
218826419
218843775
218596909
218510185
218345079
218418089
218687595
218431397
218876629
219107225
218540403
218461215
218492711
218588687
218608925
218490225
218654341
218447385
218323297
218423899
218298169
218871519
218708383
218462279
218955209
218599755
218537133
218578573
218645887
218405851
218564265
218374329
218383049
218406831
218420175
218625555
218366073
218658775
218693167
218632055
218913855
218488711
218440491
218340295
218802087
218449245
218369577
218607439
218494197
218826155
218346963
218365661
218769039
218551357
218496221
218486537
218437111
218566155
218390547
218418035
218477037
218689217
218672487
218746907
218611509
218347331
218936355
218515149
218429511
218310903
218322877
218380325
218788631
218824241
218330717
218883831
218757921
218605839
218486497
218484191
218364787
218403457
218693589
218683799
218572897
218342601
218570339
218437399
218452775
218421297
218426099
218412879
218454019
218550879
218611769
218410057
218415809
218588495
218534521
218491565
218715157
218489997
218794359
218319359
218646265
218367281
218462589
218573717
218408641
218492747
218768135
218496617
218527229
218449533
218516939
218650477
218441295
218414639
218583549
218618773
218417955
218969313
218698153
218668637
218488671
218532909
218499643
218651425
218641895
218892269
218526631
218507111
218638953
218745709
218386185
218550047
218497989
218531579
218547943
218423473
218934353
218872105
218594225
218774643
218712159
219039087
218468959
218469145
218438735
218952865
218957831
219109535
218489853
218831217
218577475
218834667
218606503
218798431
218986191
218747329
218701481
218539459
218537485
218708345
219014079
218551639
218568597
218576431
218597329
218789171
218625697
218663623
218487453
218663833
218660323
218769007
218599959
218352041
218304155
218447491
219170975
218891711
218815347
218465649
218863449
218981801
218709869
218899173
218858381
218512001
218630305
218610919
218801787
218859277
218438041
218450473
218494217
218495961
219106899
218989543
218533871
218604665
218661275
218849499
218710613
218952359
218959011
218571889
218558563
218852773
218901411
219159313
219029401
218795139
218720925
218932135
218716231
218454023
218487715
218787007
218956727
218569783
218363203
219004161
219219657
219134885
219161335
219081699
218959751
219055597
218604137
218778083
218850279
218863247
218347849
218976143
218596113
219164445
219248863
218433517
219134845
219028087
219073329
218515483
218608041
218547049
219115897
218876837
218838323
218682769
218445979
218964309
219047797
218676189
219057649
219201785
219066129
218848169
218875709
219026729
218753527
218500263
219235017
218542329
219237799
218840789
219027061
219240847
218869489
218792715
218729861
219224285
218513381
219175455
218855857
219224663
219107933
219085481
219072455
219129659
219113067
219004665
218872667
218872431
219030955
218584253
218780747
218704905
218375131
219117145
219090415
219245547
219164651
219167921
219194063
218690535
218586329
219039075
218786521
298042700
218893289
218531091
219137485
219107535
219112085
218573165
218562179
218466199
219125053
218836221
218960113
218859733
218834635
218597993
219117897
218770715
218817387
219057979
218635505
218397771
219002361
219125027
219003997
218486903
219166489
218713449
218957401
219111413
218587821
218870083
218906023
219212977
219069179
218736457
218874525
219057861
218874791
219224971
219252193
219000595
218674655
218526053
218947133
219220545
218923983
218750657
219107213
219038103
218907065
218546399
219046593
218722213
218766067
219115121
218619695
219246327
218972321
219178171
218685815
219148733
219156729
218538709
218646879
218997035
219116557
218594049
219167059
218762409
218564901
218554991
219169433
219209067
218497753
218571665
218746313
219180613
219252735
218860445
218932021
218955643
219225575
219205719
219192933
219086323
219132805
218552089
219080053
219228393
218912619
219000809
219031231
219207473
218950435
218841597
218687641
219102575
218906013
218521535
219123769
219118223
218858377
218950517
218822291
218833383
218985373
218766177
219081151
218743625
219201207
218600695
218993381
219191425
218581933
219231037
219067013
219088321
219158937
219055847
219031833
219140385
218742487
218711141
218943941
219252337
218858567
219206667
218851729
218916703
218586101
218553295
218971289
218745575
218910837
218541351
219140145
218920503
218657411
219164497
218889649
219135321
219039649
2927443887
2928147729
2928168174
2931980661
2933480502
2934069781
2934277573
2934406216
2939606652
2940558138
2945567694
2945575032
2945622714
2945615304
2947463564
292456283
2953834352
294044233
2959033504
2959142018
295794195
295794783
295797243
2960440121
295793983
295796645
295798175
295793427
2965945123
294028470
293989612
292458194
293110176
2966625352
292715169
292458149
2967306124
294139604
295794707
2967520489
2967607079
295793755
295794333
295793349
295795093
2974439052
2978749343
2979501465
2994057769
2998255411
3042643603
2994202261
3067612652
3096876517
3098117232
3102230033
2994232396
3104682697
3104944723
3110730518
3110736222
3121089609
2994238976
3122991513
3127651018
3128563900
3129593907
3129647460
3129676681
3130690335
3137066023
3137327724
2994262918
3140446759
3145922104
3146274567
3146406052
3146538359
3146541297
219057237
3153250641
4290314778
2994315531
2994370045
2994408191
2994430723
2994478732
2994484569
219120719
218970201
219240693
219216477
218553765
219096013
2994598760
2997773621
2998110269
218906909
218813853
218631245
219227389
219101143
2998477395
2998541496
219238451
219188551
2998580467
2998591568
2998593726
2998600180
2998603147
2998610874
2998616608
2998617770
2998619492
2998621566
218742087
218958021
2998684183
2998711046
2998933508
218327741
2998957067
2998959520
218753409
2999038738
2999042274
2999049940
2999070253
2999100362
2999130466
2999140553
2999141377
2999163361
2999335787
218550397
219019587
2999438001
218900333
2999471945
2999478411
218758009
2999537028
2999537648
218901751
218887463
219112341
218756833
218834195
218362737
219112329
218576279
218899553
218798005
218669761
218706871
218793617
219107283
219063855
218869481
219071929
218982223
219054825
218779779
218753639
218824909
219000193
218876985
218880891
218586299
219122487
219221133
218897301
218965807
218681065
218742977
219201927
2999965306
3000044610
3000051551
3000052607
3000096955
3000109177
3000140350
3000228976
3000233861
3000257352
3000506772
3000538671
219195021
218613347
219038985
218935499
218498291
218423691
218452121
218975435
219047207
218523809
218830441
218744691
219125327
218978021
218712991
218776039
219163199
218589167
218400231
219216343
218653225
218559903
218901791
3000948275
3000988008
3000998171
3001000945
219239867
3001043925
219136041
219130329
219185279
218506341
218691487
218740343
218775417
218962805
218802055
218552611
218849129
218892787
218770567
218713519
218692795
218652219
218937335
218705299
219068477
219023795
218759045
218526457
218731109
218529495
218558917
218599723
218535323
218400069
218601491
218452875
219050163
218796995
218915727
218565153
218577769
218571061
218402609
219245239
218765017
218914429
218921745
218871765
218968841
218976759
218339345
218858275
218965299
218989405
218573293
218882515
218922523
219216359
219232761
218977065
218530095
218859105
218359683
218847157
3004550563
3004555571
3004626086
3004631060
218727815
218783729
218685213
219080013
219129941
218992159
3004653838
218634347
218723039
3004691995
218940399
218846485
218747771
218329843
218658013
218582521
218608271
219213843
218855883
218910349
218447553
218706123
218564865
219002993
218428457
218761101
218710663
218946011
218432017
218474113
218813679
219213717
219207415
219188555
218552615
218803817
219133769
218771791
218810507
218831233
218660799
218533763
218402147
218718673
218886453
219246519
219033053
218566783
219076299
218891869
218672989
218940337
218834905
219171899
218637561
219249131
218832273
219148579
219124403
218780775
218778411
218964471
218701255
218476991
219134033
219221787
219223031
219236201
219136207
218978479
218981989
219098653
218796653
219021319
219228787
218802395
219214185
219164033
219160939
219233009
218581873
218344011
219037111
219027771
218702829
218971543
219179855
219167177
219236933
219017817
219103237
219031967
219249423
218644623
219096401
3004864905
3004961345
3004967810
3005063255
3005064130
3005125440
3005126968
3005134140
3005146926
3005148734
3005151058
3005158772
3005240983
3005242109
3005255570
3005257959
3005325143
3005343346
3005374859
3005375411
3005465872
218461475
219160355
218865885
218799317
218535823
3005534262
218638889
218478839
218451137
218982065
218608757
218584345
218907221
218473543
218758787
218825233
218458977
218960397
218670829
218544199
218637165
218432701
218715515
218395319
218750903
218767091
218578469
218639415
218998309
218555931
218599863
218626501
219249845
218993003
219189813
218695635
218834305
219058667
218747117
218821715
218624735
3005710077
218837817
219208129
218821149
219033601
219229883
218869897
219215735
219003271
219082797
218934341
218836209
219135955
219179359
218692921
218828941
219138057
3005919503
3005921729
3005941293
3006046250
3006046346
3006309896
3006310788
3006346938
3006350796
3006380203
218845497
219040675
218704379
219040613
218907099
218832523
219016297
218726607
3006432692
218723361
218854399
219053473
218731723
218941935
218697913
219161177
218292947
218832601
218403011
218891819
219220887
218670095
218744365
218924759
218609249
218870603
219184031
218656537
219015239
3006453785
219215187
218947179
218465903
219060863
218872149
218753203
219111499
218584973
218424689
218510607
219162253
219018593
218538827
219091641
3006469639
219245785
219162119
3006724228
3006728061
218605065
218789419
218710891
218813901
218659917
218663063
218994271
218616167
219060301
218599451
219059225
218620245
218755557
218761369
219167887
218791353
218639709
219236943
218470227
218679637
218366283
218911217
219249061
219247273
218979859
219027937
219137447
218888891
218750079
218727879
218979211
218668233
219098663
218926535
219219245
218730593
218481085
218381849
219241451
219080139
218955499
219172313
218895451
218808527
219075155
218826823
219177027
218914577
219126079
218325761
218994823
218656787
219053239
219171001
218999033
218982921
219015015
219117953
218900043
218787905
218984841
219239333
218750229
218954511
218785659
218954687
218492277
219221599
218657355
218894957
219099259
218754305
218634261
218643781
219169233
218881543
218815289
219205643
219000361
218689371
218904501
219166397
219164065
219211451
219026737
219163863
219151615
218644511
219103581
218378109
218786351
218982331
219021543
219005129
219082245
218890919
3006852276
3006853643
218453559
218941005
219164629
218910581
219020965
218902671
3006859116
2912942426
3009940442
3009977222
218865817
219167343
218845857
219039171
219183429
218814507
218549659
218549019
219206531
218889651
218452427
219144511
218589917
219074501
218460019
218744191
218520611
218626851
218432353
218698193
218615485
219184505
218824959
219039095
218598185
218951437
218743697
219135393
219049529
218430143
219142691
219136265
218707957
218746795
218413853
3010006445
3010026100
3010026499
3010628318
3010630838
3010670215
3010897707
218799451
219126835
219128357
219020695
218880437
218928987
218830751
218823433
218719413
218989647
218354955
218446751
218473865
218753479
218700339
218832399
218333295
218428367
218729935
218596249
218928115
219074259
218344875
219222729
219241477
219150081
218557919
219093043
218859879
219184403
219228219
219072093
218843025
218454525
219224803
218819695
218918017
218845585
218754875
218895011
218602561
3011107787
3011116586
218635997
3011397684
3011418283
219181959
219215877
218850425
219069079
218616303
219031941
219079945
218833565
218543281
218766581
218797873
218701373
218823709
219235899
218625443
218574661
218488183
218619035
218608801
219107639
218682723
219057553
218891565
218789711
3011559737
3011607009
219152067
218776711
219160853
219187939
219199941
219163489
3011857513
3011867703
218892873
3012003338
3012003681
219001059
218977771
218409579
218854499
218864143
218981697
218980563
219032921
219167785
218974893
219010915
218896189
219224825
219248147
218710513
218419389
219144237
219225885
218914019
218854901
218571293
218670227
219103659
219093605
219093901
3012027406
219149035
218976427
218822345
219040401
3012294696
218771905
218985063
218411935
218436969
219247385
219227925
218363689
218660619
219043587
218860179
219085921
218701781
219191575
218655709
218737769
219160609
219184059
218576371
218453947
219222763
218940425
218972399
218928165
219229189
218723033
219230605
219134995
219252125
3012317086
218900551
218852355
218659491
219095631
219122031
218967645
218400909
3012444692
3012445779
218519193
219125889
219179533
219012291
218842439
218722265
218706751
219160073
219040697
218866997
218682955
3012491698
218373877
218468969
218758891
218951887
219132297
218725225
218726047
219023669
219027255
218828797
218866271
219222643
218684803
218620381
3012505811
3012506768
3012536744
3012571215
3012573356
3012638368
3012652930
3012657127
219204591
219145143
218783993
218796723
219057783
218989527
219050751
219189009
218785749
218859545
219066883
218908307
218716665
218897113
218469433
218809727
219070115
218968365
3013029222
3013676858
3014019112
3014162148
218829461
219178893
219253445
219131241
218483411
219142175
218753733
218568953
218820931
3014426583
3014542584
3014687965
3014688659
219161339
219150073
219017633
219197357
218836811
219127651
218642367
219094185
218616975
218560779
219069603
219208039
219163961
218684751
218698387
218773151
219015727
219150267
219117685
219243929
218476249
218871745
218957741
218663525
218998283
218948963
219046187
219200439
218695871
218781275
218729407
218995603
219113251
218623945
219150343
219062121
218760133
218932361
218941151
219052923
219145267
219238883
219043549
218747981
218873195
218929565
218879933
219189083
218824997
219128137
218849389
219084759
219155423
218805331
219067491
219000183
219075637
3014937019
218760439
219157843
218992791
218510647
218879843
219108161
218501145
218732667
218328357
3019028791
3019028813
219212609
845650015
3019141800
1737639637
3019171872
1737679848
1737679876
1737679889
2020010652
2020012055
2020012066
2020189569
2021087108
2021088150
2178239325
2178239346
2178268183
2178239451
2178239528
2178239549
2178268366
2330482283
2330482553
3019196954
3019198755
3019204714
2916213778
3019210685
2934224249
3019235508
2953226121
3019246888
3019253812
3020918312
3059201670
3066747042
3084377402
3097309264
3101527961
3120715004
3121106630
3121692194
3122154645
3122391703
3122378598
3122573605
3123139220
3139854834
3153960166
3904906745
4182586111
4182584919
4223382653
4231118646
4232661077
4239031656
4246743069
4256098975
4280075603
4286006991
4289530045
4289712513
4298544331
4308636308
4318782274
4318989130
4324684438
4325953335
4326328033
4326864334
4327059457
4327595280
4327588286
4333625627
4333632565
4333979477
4335060152
4336951710
4344186561
4344191836
4344434465
4344478132
4351989887
3019340812
4352218875
4361414528
4371150851
4371212589
4371406803
4373879468
4374470597
4379464390
4429944918
4463087883
4463789822
4470715973
4478220707
4478747607
4489083259
4497821527
4522602892
4523141527
4533617167
4552945143
4552965511
4565226329
4591431943
4598757591
4600573191
4636067338
4645026518
4650355832
4694940675
4733091158
4742395180
4743071525
3019542258
3019597981
3020388485
3020399652
3021415943
3021647748
3021661634
3021712161
3021738264
3021744848
3021847086
3021849685
3021852254
3021971290
3022019787
3034933870
3040436660
3040544933
3040658995
