151091
151130
215004
215080
215083
215162
215165
264460
298792
298794
298829
298831
298893
691045
691060
691075
691094
690758
264479
264513
264537
690670
690762
690791
690807
690820
691015
690873
690876
690936
690996
691023
151377
215444
215507
215511
150490
150510
150526
297743
297970
297984
298025
298026
298041
298077
215428
151356
150929
150963
297695
297726
297753
298594
298129
246522
246599
246670
150902
150916
214286
214294
214396
263630
263921
214472
214541
214557
214605
214628
298740
297921
297997
298004
264340
214512
214606
214655
214714
690691
690712
690752
690841
690843
298520
214764
214859
214875
214880
214969
264106
264141
264262
214333
214356
214367
214378
214418
214445
298593
298741
298766
690911
690965
690988
691004
150800
150850
150944
150971
151250
151263
151335
151371
151413
151443
263805
263812
263843
263851
690860
150522
150646
150647
150677
150708
150756
150794
214735
214776
214795
214857
214916