4290189748
4290189385
4290189608
4290189748
4290198421
4290199454
4290200999
4290202897
4290202892
4290203270
4290203995
4290205964
4290205956
4290207513
4290212126
4290212638
4301923918
4301925358
4301926010
4301943901
4301945549
4301945453
4301960876
4301926597
4301927329
4301963384
4301965943
4301901383
4301903109
4301929093
4301929109
4301946320
4301929410
4301929800
4301931685
4290189307
4290203767
4290204597
4301932763
4290236191
4290255953
4290317754
4290322781
4290327329
4290328201
4292421401
4292421961
4292465046
4294532528
4298556534
4290198885
4290236832
4290240880
4290285168
4290316666
4290334422
4290352535
4290362712
4290376624
4292423902
4292488503
4301897155
4292437850
4292470379
4292489188
4292506008
4301948652
4301949103
4301949608
4290235184
4290243449
4290244995
4290245177
4290245772
4290246450
4290246652
4290246727
4290248946
4290249814
4290251853
4290252332
4290254381
4290256741
4290257647
4290257959
4290258769
4290259825
4290262268
4290262891
4301950590
4301951030
4301951300
4290276744
4290279081
4290287330
4290301959
4290306734
4290314778
4290316085
4290317117
4290317907
4290318030
4290318103
4290318607
4290319286
4290323904
4290324389
4290324575
4290326269
4290326537
4290326742
4290327776
4290328947
4290329225
4290330181
4290330681
4290332379
4290333022
4292501868
4292501385
4292510765
4296530418
4298525857
4298526618
4298527023
4290232256
4290239005
4290250281
4290264727
4290272206
4290340844
4292407515
4292423035
4301953307
4290333911
4290335423
4290336421
4290337523
4290344251
4290347190
4290348212
4290351225
4290352801
4290353444
4290356778
4290360124
4290360831
4290362465
4290362560
4290364702
4290366079
4290368200
4290375064
4292369879
4292373020
4292378965
4292392938
4292393384
4292393402
4292393412
4292393579
4292394541
4292396172
4292410103
4292410607
4292412904
4292414796
4292417688
4298527949
4298530107
4298530201
4292502006
4298537385
4298538168
4290208867
4301921182
4301921282
4301921395
4292420397
4292423968
4292423972
4292424814
4292425146
4292425474
4292426063
4292426594
4292427631
4292428871
4292431841
4292432961
4292441294
4292441246
4292442200
4292442931
4292443005
4292443816
4292445622
4292464803
4292465296
4292466509
4292467675
4292467767
4292475856
4292481988
4298538338
4292508290
4298542366
4292510945
4292512401
4298542670
4292517301
4298553073
4294516480
4294521551
4301921523
4301921853
4301922148
4301922193
4301934853
4301937962
4290201305
4294527557
4294527771
4294531865
4294533382
4294533437
4294535626
4294535667
4298543914
4298543831
4298544331
4298562413
4298566378
4298566834
4301922498
4301922988
4301939323
4301939404
218325105
218325107
218325109
218325113
218325117
218326799
218326801
218326803
218326805
218326807
218326809
218326811
218326815
218326817
218326105
218326107
218326109
218326111
218321073
218321075
218321077
218321083
218322767
218322769
218322771
218322773
218322775
218322777
218500019
218500023
218500025
218500027
218500029
218326819
218326821
218320243
218320245
218322779
218322781
218322783
218322785
218322787
218322791
218322793
218322795
218325509
218325511
218325515
218325519
218325521
218325525
218325527
218325529
218325531
218325533
218325535
218325537
218325539
218325541
218500031
218500035
218325563
218325565
218320191
218320193
218320195
218320197
218320201
218320203
218323231
218323233
218323235
218323237
218323239
218323243
218323249
218323251
218323253
218323255
218323257
218323259
218323261
218323265
218497713
218497715
218497717
218497719
218320205
218503075
218503077
218503079
218497707
218497709
218323267
218323269
218323271
218323273
218499523
218499525
218325549
218325551
218325555
218325557
218325559
218325561
218320207
218320209
218320211
218320213
218320215
218320217
218320219
218320221
218320225
218497725
218497727
218497729
218497733
218497735
218497737
218497739
218497741
218497745
218497751
218497753
218497755
218497757
218497759
218323303
218323307
218323309
218323311
218323315
218323317
218323319
218323321
218323325
218496483
218496485
218496487
218496493
218496495
218496497
218496499
218496501
218496503
218496505
218320227
218320229
218320231
218320233
218320235
218320237
218320241
218324315
218324317
218324319
218324323
218324325
218324327
218324329
218324333
218497763
218497765
218497767
218497769
218497771
218497775
218497777
218497779
218497781
218497783
218497785
218497787
218497791
218325007
218325009
218323277
218323279
218323281
218323283
218323285
218323289
218323291
218323293
218323295
218323297
218323301
218326019
218326023
218326025
218326027
218326029
218326031
218326033
218326037
218326041
218326043
218326045
218326047
218326049
218498261
218326051
218326053
218326055
218326057
218498251
218498253
218498257
218498259
218326015
218325049
218325051
218325055
218325057
218325063
218325065
218326061
218326063
218326065
218498265
218499949
218499953
218499955
218499957
218499959
218499963
218499965
218499967
218499969
218499971
218499975
218499977
218499979
218499981
218325011
218325013
218325015
218325017
218325019
218325021
218325023
218325495
218325497
218325499
218325503
218325505
218325507
218499985
218499987
218499989
218499991
218499993
218499995
218490253
218490255
218490259
218490265
218490267
218490269
218490273
218490275
218490277
218490279
218490281
218490283
218499561
218325069
218325071
218325077
218325081
218325083
218325089
218325091
218325093
218325097
218499527
218499529
218499533
218499535
218499537
218499541
218499543
218499547
218499549
218499551
218499553
218499557
218499559
218500047
218500049
218493265
218493267
218493269
218493271
218493273
218493275
218493277
218493281
218493283
218500151
218500153
218500155
218500157
218500159
218500161
218500163
218500165
218500169
218501851
218501853
218501855
218501857
218501859
218501861
218501863
218501865
218501871
218501875
218501877
218501879
218489819
218489821
218489823
218489825
218499059
218499061
218499063
218499065
218499069
218496513
218496515
218496521
218496523
218496529
218496531
218496533
218496535
218496537
218496539
218496541
218496543
218500143
218500145
218500149
218325099
218326067
218326071
218326073
218326075
218326077
218326079
218326081
218326083
218326085
218326091
218326093
218326095
218326097
218326099
218326101
218499997
218499999
218500001
218500003
218500005
218500007
218500009
218500013
218500015
218500017
218500037
218500043
218500045
218499071
218499073
218499075
218501299
218501301
218501305
218501307
218501309
218501311
218501313
218501315
218501317
218501321
218501323
218501325
218501327
218501329
218501331
218495045
218495047
218495049
218495051
218495053
218495055
218495059
218499079
218499081
218499083
218499085
218499087
218499089
218499093
218499095
218489831
218489835
218489837
218499103
218496549
218496551
218496553
218496555
218496557
218496559
218496561
218496565
218496567
218496569
218496571
218496573
218496575
218496577
218496579
218496583
218495125
218495129
218489757
218489759
218489761
218489763
218489765
218489767
218489769
218489771
218495027
218495031
218495033
218495035
218495037
218495039
218324621
218324623
218324625
218324627
218324629
218324631
218324635
218324637
218324639
218324643
218324645
218324647
218501333
218501335
218501341
218501343
218495061
218489781
218489783
218489785
218489787
218489789
218489791
218489793
218489795
218489799
218495063
218495549
218495551
218495555
218495557
218495559
218495563
218495565
218495567
218495569
218495571
218495573
218495577
218490203
218490205
218496585
218498267
218498269
218498271
218498277
218495065
218495069
218489775
218495073
218501377
218501379
218501381
218501383
218501385
218501389
218501391
218501393
218501395
218501399
218501401
218500079
218500081
218490207
218490209
218490213
218490215
218490217
218490221
218490223
218490225
218490227
218490229
218490231
218490233
218324263
218324265
218324267
218324269
218495079
218495081
218495083
218495087
218495089
218495091
218495095
218495097
218495099
218495101
218495103
218495105
218495107
218495109
218324273
218324275
218324277
218324279
218324281
218324283
218324285
218324287
218324293
218501345
218501347
218501349
218501351
218501353
218501355
218501357
218501363
218501365
218501367
218501369
218501371
218501373
218501375
218324261
218495111
218495113
218495115
218495117
218495121
218495123
218320685
218320687
218320689
218320695
218320697
218320699
218320701
218325965
218325967
218325969
218325973
218325975
218325977
218325979
218325981
218325983
218325985
218325987
218325989
218325991
218325993
218499563
218499565
218499567
218499569
218499571
218499573
218499575
218490235
218490237
218490239
218490241
218490243
218490245
218490247
218490249
218499577
218499581
218499583
218499585
218499587
218499589
218499593
218499595
218499597
218499599
218320707
218322873
218322875
218324559
218324561
218320261
218320263
218320265
218320267
218320269
218320271
218320273
218320275
218320277
218320281
218320283
218320285
218320289
218320291
218320293
218320295
218322813
218322815
218322817
218322819
218322821
218322823
218322825
218322827
218324565
218324567
218324571
218324575
218324577
218324579
218324581
218324585
218324587
218324589
218324593
218324595
218324597
218324599
218324601
218322797
218322799
218322801
218322803
218322805
218322809
218322811
218320643
218320645
218320647
218320649
218320651
218320653
218320675
218320677
218320679
218320681
218320683
218493285
218493287
218493289
218493291
218493293
218493295
218493299
218493301
218493303
218493305
218493307
218493309
218493311
218493313
218493315
218493319
218320297
218320299
218320301
218321983
218321985
218321987
218321989
218321995
218321997
218322001
218322003
218322005
218322007
218322009
218322011
218322839
218322841
218322845
218322847
218322849
218322851
218322853
218322855
218322857
218322861
218490285
218497801
218497803
218497805
218497807
218497809
218497811
218497813
218489805
218489807
218489811
218489813
218489815
218489817
218490287
218490289
218490291
218490293
218490295
218320251
218320253
218320255
218320257
218322829
218322831
218322835
218322837
218324603
218324607
218324609
218324611
218324613
218324615
218324617
218325997
218325999
218326001
218326003
218326009
218326011
218326013
218320639
218496511
218320659
218320661
218320663
218320667
218320669
218320671
218322069
218322071
218322073
218322075
218322077
218322079
218322083
218322085
218322087
218322089
218322091
218322093
218323775
218323777
218323779
218323783
218323785
218500125
218500129
218500131
218500133
218497815
218497817
218499501
218499503
218499505
218499509
218499511
218493321
218493325
218493327
218493329
218493333
218493335
218493337
218495019
218495021
218495023
218501295
218495025
218322865
218322867
218322871
218325027
218325029
218325031
218325033
218325035
218322013
218322015
218322017
218322019
218322021
218322023
218322025
218490299
218490301
218490303
218490305
218490309
218490313
218499051
218499053
218499055
218499057
218500135
218500137
218500139
218499127
218499129
218499131
218499133
218499135
218499137
218499141
218499143
218499601
218499605
218499607
218501293
218322029
218322031
218322035
218322037
218322039
218499105
218499107
218499109
218500845
218500847
218500849
218500851
218500855
218500857
218500859
218500861
218500863
218500867
218500869
218500873
218489839
218489841
218489843
218489845
218489847
218489849
218489851
218503161
218503163
218503165
218503169
218503171
218503173
218503177
218503179
218503181
218503183
218500875
218500877
218500879
218489855
218499113
218499115
218499117
218499119
218499121
218499123
218322053
218322055
218322057
218322059
218322061
218322063
218322065
218325039
218325041
218325043
218325045
218325047
218499513
218499517
218498351
218502643
218502645
218502647
218502649
218502651
218502655
218502657
218502659
218502661
218502663
218497917
218497919
218497921
218315387
218315391
218322899
218322901
218322903
218322905
218322907
218322909
218322911
218322913
218322917
218322919
218322921
218322923
218322925
218502701
218502703
218502705
218502707
218502709
218502715
218502717
218502719
218502721
218502723
218502725
218502727
218500067
218500069
218322967
218322969
218322971
218322973
218322975
218322977
218322979
218502665
218502667
218502669
218502671
218502673
218502675
218502677
218502681
218502683
218502687
218502689
218502691
218502693
218502695
218502699
218501815
218501817
218501819
218320333
218320337
218500075
218500077
218493423
218493425
218493427
218493429
218493431
218493433
218493435
218493439
218493441
218493443
218493447
218493449
218495131
218495133
218497859
218497863
218497865
218497867
218497869
218497871
218497873
218497875
218497879
218497883
218497885
218497887
218497889
218497891
218497893
218498295
218498353
218498357
218498359
218497825
218497827
218497829
218497831
218497833
218497835
218497837
218497843
218497845
218497923
218497927
218497929
218499611
218499613
218313671
218498299
218498301
218498303
218498305
218493341
218493343
218493345
218493347
218493349
218493373
218313673
218313675
218313677
218313679
218313683
218313687
218313689
218313691
218313693
218315375
218315377
218315379
218315381
218315383
218315385
218320339
218320341
218320343
218320345
218320353
218320355
218320357
218320359
218320361
218320363
218320367
218320369
218323401
218323403
218323405
218323407
218323409
218323411
218323413
218323417
218323419
218323423
218323425
218323427
218323429
218323431
218323433
218323435
218493351
218493353
218493357
218493359
218493361
218493365
218493367
218493369
218501825
218501827
218501831
218501833
218501835
218502729
218502731
218502733
218502735
218496475
218496477
218496481
218491619
218491623
218491625
218491629
218491631
218491635
218491637
218491639
218491641
218491643
218320779
218320783
218320785
218320787
218320789
218320793
218320797
218320799
218320801
218320803
218320805
218320807
218320809
218320811
218501837
218501839
218501843
218501845
218501849
218497847
218497849
218497851
218497853
218497855
218320765
218320767
218320769
218320771
218320775
218493377
218493381
218493383
218493385
218493387
218493389
218493391
218493393
218493397
218493399
218493401
218493403
218493405
218493407
218493409
218497857
218320331
218498365
218498367
218498369
218498371
218498373
218498375
218498377
218500059
218500061
218500065
218499617
218499619
218498281
218498283
218498287
218498289
218498291
218323365
218323367
218323373
218323377
218323379
218323381
218323383
218323385
218323387
218323389
218323395
218323397
218323399
218322105
218322107
218322109
218322113
218322115
218322117
218322119
218322121
218322123
218322125
218322129
218322945
218322947
218322951
218322953
218322955
218322959
218322961
218322887
218322889
218322891
218322893
218322895
218322897
218502739
218502741
218502743
218313641
218313645
218313647
218313649
218313651
218313653
218313655
218313657
218313659
218320813
218320815
218320817
218495137
218495141
218495145
218495147
218495149
218495151
218495153
218495155
218495157
218497899
218497901
218497903
218497905
218497909
218497911
218497913
218497915
218320819
218320821
218320823
218320827
218320829
218320831
218320835
218320837
218320839
218320841
218320843
218320845
218498309
218498313
218498315
218498317
218498319
218498321
218498323
218498325
218498327
218498329
218498333
218498335
218498337
218498339
218498341
218491655
218491657
218501793
218501795
218501797
218501799
218325569
218325571
218325573
218325575
218325577
218325579
218325581
218325583
218325587
218321173
218321177
218321179
218321181
218321183
218321189
218321191
218321193
218321195
218321197
218322879
218322881
218322883
218325629
218325631
218325633
218325635
218325639
218326113
218326117
218326121
218326123
218326125
218320751
218320755
218320757
218320759
218501801
218501803
218501805
218501809
218501811
218320847
218320849
218320851
218320853
218320855
218321097
218321099
218313663
218313665
218313667
218313669
218491647
218491649
218498343
218498347
218498349
218323867
218323871
218323873
218323875
218323877
218323879
218323883
218326365
218326367
218326369
218326371
218326373
218326375
218326377
218326381
218326383
218326387
218326389
218326391
218326393
218326395
218326397
218326399
218500883
218500885
218500887
218500889
218500891
218326881
218326883
218326885
218326887
218326889
218326891
218326895
218326897
218326899
218326403
218326405
218326407
218326409
218326411
218325623
218325625
218325627
218500895
218500897
218500899
218500901
218500905
218500907
218500909
218500911
218500913
218321575
218321577
218321581
218321583
218321585
218321587
218321589
218503119
218503121
218503123
218503125
218503127
218503129
218503135
218503137
218503141
218503145
218503147
218503149
218503151
218491569
218491571
218491573
218491577
218491579
218491581
218491583
218491585
218491587
218491589
218326905
218326907
218321535
218321537
218321539
218321139
218321141
218321143
218321145
218321147
218321149
218321151
218321153
218321155
218321159
218321161
218321163
218321165
218321167
218324659
218324661
218324663
218321101
218321103
218321107
218321111
218321113
218321115
218321117
218321121
218321123
218321125
218321129
218321131
218321133
218325593
218325597
218325599
218325601
218325603
218325607
218325609
218325611
218325613
218325615
218503153
218503157
218491605
218491607
218491613
218491615
218324295
218324297
218324667
218326351
218326823
218326825
218326827
218326829
218326831
218326833
218325619
218326841
218326843
218326845
218326847
218326853
218326855
218326857
218326859
218326861
218326863
218326865
218326867
218321549
218321551
218321553
218321555
218321557
218321559
218321561
218321565
218322041
218322045
218322047
218322049
218503187
218503189
218497819
218497821
218500055
218500057
218501739
218501741
218501743
218501747
218501751
218501753
218323337
218323339
218326415
218326417
218326421
218326423
218326425
218326427
218326429
218326435
218501755
218501757
218501759
218501763
218323341
218323343
218326437
218326439
218326441
218326445
218326447
218326449
218491617
218499145
218499147
218499149
218499151
218499155
218500925
218500927
218500931
218500935
218500937
218500939
218500941
218500943
218500945
218500947
218326451
218326455
218500917
218500919
218500921
218500923
218499159
218499161
218321627
218493411
218493413
218493415
218493419
218493421
218500951
218500953
218502637
218323789
218323791
218323793
218323795
218323797
218323799
218323801
218323803
218323805
218323811
218323813
218323817
218323819
218326837
218323825
218323827
218323829
218323831
218323833
218323835
218323837
218323839
218323843
218322515
218326839
218321629
218321633
218321635
218321637
218321641
218321643
218321645
218323327
218323329
218323331
218323333
218323347
218323349
218323351
218323353
218323357
218323359
218323361
218323363
218323845
218323847
218323849
218324299
218324303
218324307
218324309
218324311
218324313
218326353
218326355
218326357
218326359
218321541
218321543
218321545
218501765
218501767
218501769
218501771
218501775
218501777
218501779
218501783
218501785
218501787
218501789
218326457
218326461
218321087
218489861
218489865
218489867
218491547
218502641
218491549
218491551
218491553
218491555
218491591
218491593
218491595
218491597
218491599
218491601
218500103
218500105
218500107
218500109
218500113
218500115
218322519
218322521
218322525
218322527
218322529
218322531
218322533
218322535
218322539
218322541
218324223
218322067
218500949
218503085
218503089
218503091
218503093
218503095
218503097
218503099
218503101
218503103
218503105
218503109
218503111
218503113
218503115
218503117
218491559
218491563
218491565
218491567
218321089
218321093
218324225
218324227
218324229
218324231
218324233
218321567
218321571
218321573
218500087
218321593
218321597
218324653
218324655
218324235
218324237
218324239
218324241
218324243
218324249
218324251
218324253
218324255
218324257
218500089
218500091
218500093
218500095
218500101
218326871
218326873
218326877
218326879
218321599
218321601
218321603
218321605
218321609
218321613
218321615
218321621
218321623
218323853
218323855
218323857
218323859
218323861
218323865
218317273
218317275
218317277
218318959
218489447
218489449
218489451
218489453
218489455
218489457
218489459
218489463
218489465
218489469
218489471
218489473
218489475
218489477
218489479
218489481
218494769
218494771
218489905
218489907
218489909
218489911
218489913
218489915
218489917
218489921
218489923
218489925
218489927
218489929
218489931
218499183
218499187
218499189
218499191
218499193
218499195
218499197
218499199
218499201
218499205
218499209
218499211
218489483
218489485
218489487
218489489
218489493
218489495
218489497
218489499
218322201
218322203
218322205
218323887
218323889
218323891
218323895
218323897
218503241
218503243
218503245
218503247
218503251
218503253
218503257
218503259
218503261
218503263
218503265
218503269
218503271
218503273
218503275
218325721
218325723
218325725
218325727
218325731
218325733
218325735
218325739
218325745
218325747
218325749
218325751
218489933
218489935
218489937
218489939
218489941
218489943
218489945
218323939
218323941
218323943
218323945
218323947
218323951
218323953
218323955
218323959
218323961
218323965
218323967
218323971
218323979
218323981
218323983
218317191
218317193
218323899
218323901
218317235
218317239
218317241
218317243
218317249
218317251
218317253
218317255
218317257
218317259
218500965
218500971
218500973
218489869
218489871
218489873
218489875
218489877
218489879
218489881
218489883
218489887
218489889
218489891
218489893
218489895
218489897
218489899
218489903
218317213
218317215
218317217
218317219
218317221
218317227
218317229
218317231
218321661
218496617
218496619
218496621
218495231
218495233
218495235
218495237
218495239
218495241
218317195
218317197
218317199
218319943
218319945
218319947
218319951
218324719
218324721
218324723
218324725
218324727
218324729
218324731
218324735
218324737
218324743
218324745
218324747
218324749
218324751
218324753
218494777
218494779
218494783
218326505
218326507
218326509
218326511
218326513
218326517
218326519
218326521
218326523
218326525
218326529
218503221
218503223
218503225
218503229
218503231
218503233
218503235
218503239
218323973
218491667
218491669
218491671
218491675
218491677
218491679
218491681
218491703
218491711
218491713
218491715
218491717
218321663
218321665
218321667
218321671
218321673
218321675
218321677
218321679
218321681
218321683
218321685
218321687
218321691
218494785
218491683
218491687
218491689
218491691
218491693
218491695
218491697
218491699
218491701
218319955
218319957
218319959
218319961
218319963
218321647
218321649
218321653
218494791
218494793
218489421
218489423
218489425
218489427
218489429
218489431
218489433
218489437
218489439
218489443
218489445
218318961
218318963
218318967
218318969
218318971
218318973
218318977
218318979
218318981
218318983
218318985
218326499
218326501
218326503
218326531
218326533
218326535
218499229
218499231
218499235
218499239
218499241
218499243
218499245
218499247
218499249
218499251
218499259
218499261
218499263
218499265
218499267
218499269
218499271
218499273
218500957
218500961
218326537
218326539
218499253
218499255
218499257
218496603
218496605
218496607
218496609
218496611
218496613
218496615
218499213
218499215
218499217
218499223
218499225
218499227
218491719
218491721
218491727
218491729
218491731
218491733
218491735
218501473
218501475
218501479
218501481
218501483
218501485
218501487
218501489
218501491
218501495
218501497
218501499
218501501
218501503
218501505
218501453
218501455
218501457
218501461
218501463
218501465
218323975
218323977
218501507
218317261
218317265
218317267
218317269
218321695
218321697
218321699
218321703
218321705
218321707
218321709
218322185
218322187
218322189
218322191
218322193
218489949
218489951
218489953
218489955
218489957
218489961
218489963
218489967
218489971
218489973
218489975
218489979
218499173
218317201
218317203
218317205
218317207
218317209
218326541
218326545
218326549
218326553
218326555
218326557
218326559
218326561
218326563
218326567
218326569
218322197
218317173
218317175
218317177
218317179
218317181
218317183
218317185
218317189
218324703
218324705
218324707
218324709
218324711
218324713
218324715
218324717
218323903
218323905
218323907
218323909
218323911
218323913
218323917
218323921
218323923
218323927
218323929
218323931
218323933
218323935
218323937
218491739
218491741
218491743
218491745
218491749
218491751
218491753
218491755
218491757
218502761
218502763
218502765
218502767
218502769
218502771
218499179
218499181
218489503
218501509
218501511
218501513
218503195
218503199
218503201
218503203
218503205
218503207
218503209
218503211
218503213
218494763
218494765
218491659
218491661
218491663
218491665
218497411
218497413
218497415
218497417
218497419
218497423
218497427
218497429
218319923
218319929
218319931
218319933
218319935
218319937
218319939
218319941
218315465
218315469
218315471
218315473
218315475
218315479
218315481
218315483
218315485
218317169
218317171
218324757
218324759
218324763
218322159
218322161
218322163
218499627
218499629
218499631
218499635
218499637
