151056
151066
151071
151077
151084
151085
151091
151092
151102
151104
151112
151118
151120
151126
151130
151132
151137
151151
151160
151176
151179
151198
151208
151213
151220
151223
151226
151231
151240
151247
151254
151256
151260
151271
151275
151280
151281
215000
215001
215004
215027
215041
215056
215061
215066
215075
215080
215083
215096
215098
215103
215134
215137
215142
215146
215154
215162
215164
215165
215166
215172
215189
215195
215199
215201
215204
215217
215222
264460
264461
264464
298752
298763
298770
298775
298778
298792
298794
298801
298807
298825
298828
298829
298830
298831
298833
298838
298848
298855
298884
298893
298904
298905
298910
298916
198326
198338
198339
198348
198357
691045
691052
691060
691075
691085
691087
691088
691089
691125
691132
691135
691153
691154
691158
691169
691170
445600546
445603418
445604411
445617810
445623661
445634102
445634366
445640269
445649955
445651104
445651280
445652874
445670273
445961113
445973679
445976358
445980993
445988166
446009911
297826
297833
297834
297837
297841
297849
297868
297880
297881
297885
297900
297904
297908
297916
297918
297920
297945
297954
297958
297968
297969
297979
298002
298008
298014
298029
298034
298043
691094
215229
215233
215236
215237
215244
215245
215246
215250
215263
215287
215301
215312
215314
215323
215331
215336
215344
215347
215348
215354
215362
215366
215368
215379
215396
690754
690757
690758
690774
690777
264465
264471
264479
264481
264485
264501
264513
264529
264530
264537
264539
264546
264549
264559
264568
264571
264577
264578
264615
264619
264620
264626
264628
264632
264633
264647
264656
264660
264662
264663
264667
264672
264676
198377
198386
198399
690665
690666
690670
690671
690676
690677
690704
690705
690710
690719
690723
690730
690743
690753
690759
690760
690762
690767
690769
690780
690783
690791
690795
690807
690815
690818
690820
690823
690828
690829
690840
690846
690784
690792
690832
690847
690857
690863
690890
690905
690908
690925
690926
690939
690953
690964
690975
690977
691001
691006
691007
691009
691015
691016
691020
691022
691031
691047
691048
691051
691058
691063
691084
691091
691092
691112
691113
691114
691116
691124
264678
264682
264686
264691
264695
264705
264707
264716
264720
264725
264749
297698
297699
297704
297707
297709
297736
297739
297740
297742
297745
297747
297750
297756
297759
297780
297798
297808
690853
690858
690864
690865
690866
690873
690876
690878
690885
690886
690887
690906
690915
690917
690922
690931
690936
690949
690963
690984
690996
690999
691000
691005
691021
691023
691030
691034
691042
151377
151394
151396
151398
151402
151404
151412
151424
151437
151441
215439
215443
215444
215463
215467
215476
215481
215487
215498
215506
215507
215509
215511
215517
215528
150417
150425
150426
150431
150434
150435
150448
150449
150452
150471
150474
150490
150495
150501
150502
150509
150510
150514
150518
150526
150538
150540
297743
297764
297774
297787
297788
297799
297804
297811
297839
297843
297866
297882
297896
297897
297906
150685
150688
150700
150705
150706
150719
150743
150765
150766
150769
150772
150774
150777
150793
150803
150804
150812
297970
297973
297983
297984
297993
298000
298015
298016
298019
298023
298025
298026
298031
298037
298041
298063
298068
298077
297907
297913
297922
297928
297929
297933
297942
297948
297952
297953
297965
297966
151454
151466
151480
389153
389156
389158
389160
389163
389184
389192
389193
389197
389201
389205
389209
389217
389222
389234
389235
389236
389237
389238
389242
389244
389252
389255
389263
389269
389291
389310
389317
389318
389319
389320
389321
389322
150545
150549
150556
150568
150570
150572
150574
150577
150583
150594
150595
150596
150599
150603
150614
150623
150631
150634
150650
215399
215400
215406
215410
215411
215412
215424
215425
215428
215432
215435
215437
446020317
446026106
446029876
446051793
446304340
446526876
446527085
446528565
446528589
446817790
446819296
446830209
446832336
446833502
446835250
446835279
446836437
446852840
297728
297729
297733
297734
298059
298061
298075
298079
298080
298082
298087
298090
298110
298113
298115
298118
298124
298131
298150
298151
298165
298176
298200
151356
151357
151372
150919
150924
150929
150942
150943
150953
150963
150966
298201
298202
298226
298238
298248
298250
298253
298255
298274
298282
298380
298386
298387
298391
298392
298396
298404
298423
298434
298437
298440
298446
298449
298453
298455
298456
298462
298486
298489
297695
297696
297705
297716
297718
297721
297724
297726
297727
297732
297746
297753
297766
297772
297782
297791
247062
247085
247088
247093
247096
446870378
446875377
446884166
446885448
447100587
447108295
447112193
447118296
447119929
447122239
447143055
447147908
298549
298554
298565
298574
298575
298583
298588
298594
298612
298614
298615
298616
298626
298629
298094
298099
298100
298102
298114
298116
298119
298129
298133
298140
298142
298143
298147
246476
246480
246499
246501
246505
246521
246522
246555
246566
246571
246574
246576
246585
246586
246599
246609
246631
246670
246679
246682
246688
246697
246708
246720
246733
246739
246754
246759
246784
246788
246799
246804
246815
246817
246827
246834
246842
246847
298291
298311
298315
298318
298319
298320
298331
298334
298335
298346
298361
298367
298372
298389
298390
298393
298399
298405
298406
298407
298415
298418
298424
298427
298428
298433
298436
298445
298447
298491
298499
298506
298510
298511
298524
298532
298148
298154
298157
298160
298162
298163
298174
298185
298194
298206
298208
298209
298216
298225
298229
298241
298242
298246
298247
298262
298270
298279
298292
298306
298313
298321
298322
298343
298348
298353
298360
298365
298366
298368
298377
246855
246860
246862
246873
246876
246881
246883
246891
246899
246908
246915
246916
246917
246924
246930
246931
246943
246952
246953
246962
246965
246967
246969
246985
246990
246991
246993
247008
247009
247017
247024
247043
247045
247050
247053
247055
247057
247058
150813
150814
150821
150843
150846
150858
150861
150866
150867
150870
150874
150878
150900
150901
150902
150915
150916
447163568
447164237
447172566
214285
214286
214294
214306
214308
214319
214331
214347
214349
214354
214368
214371
214387
214389
214395
214396
214409
263503
263508
263538
263544
263562
263577
263581
263587
263602
263604
263610
263625
263630
263640
263641
263645
263651
263659
263666
263671
263678
263684
263688
263694
263708
263722
263726
263731
263736
263758
263760
298057
298062
298071
298074
298088
298096
298128
298134
298141
263865
263866
263868
263872
263904
263907
263918
263921
263932
263939
263943
263948
263952
263964
263969
263977
263979
263993
264019
264032
264043
264050
298317
298323
298338
298351
298356
298145
298158
298169
298172
298177
298188
298189
298191
298196
298203
298204
298217
298240
298243
298252
298256
298260
298266
298280
298281
298284
298285
298293
298296
298310
214415
214447
214464
214469
214472
214473
214481
214495
214504
214520
214525
214528
214533
214537
214541
214543
214545
214555
214557
214563
214578
214592
214596
214605
214610
214619
214628
214631
214637
214639
214658
214666
214725
263779
263796
263797
263807
263823
263826
263832
263835
263846
263847
298638
298641
298646
298662
298664
298668
298681
298686
298687
298699
298703
298712
298720
298733
298734
298740
298757
297800
297802
297807
297815
297822
297829
297846
297848
297878
297883
297884
297893
297903
297905
297921
297934
297949
297960
297964
297980
297990
297994
297996
297997
297998
298004
298009
298021
298032
298033
298035
298038
298048
298052
298054
447153698
447155145
447160625
447160637
447160808
447160892
264316
264320
264330
264340
264342
264344
264361
264362
264363
264369
264375
264388
264390
264401
264405
264416
264422
264426
264428
264440
264453
150409
150419
150440
150443
150465
150470
150496
150504
150513
150515
150516
150519
150521
214477
214489
214497
214501
214509
214512
214513
214519
214522
214527
214539
214549
214554
214564
214571
214580
214600
214603
214606
214607
214613
214624
214634
214640
214645
214655
214656
214660
214685
214690
214694
214702
214711
214714
214722
298796
298800
298803
198324
198328
198330
198350
198354
198362
198400
690674
690679
690684
690685
690691
690697
690712
690734
690737
690742
690746
690751
690752
690761
690776
690786
690793
690803
690810
690813
690819
690826
690831
690841
690843
298358
298362
298364
298369
298370
298376
298378
298381
298401
298410
298412
298420
298421
298443
298448
298464
298467
298469
298478
298487
298490
298496
298501
298514
298520
298523
298528
214732
214752
214764
214771
214784
214811
214822
214843
214859
214862
214864
214875
214878
214880
214886
214887
214912
214932
214940
214950
214951
214969
214972
214976
214988
214997
215019
298526
298530
298539
298540
298547
264067
264089
264094
264106
264117
264123
264130
264132
264136
264141
264143
264146
264150
264151
264156
264157
264160
264170
264172
264173
264177
264185
264191
264203
264215
264225
264227
264247
264252
264255
264257
264258
264262
264275
264286
298529
298531
298535
298544
298558
298566
214288
214290
214291
214293
214301
214313
214333
214336
214337
214340
214346
214350
214352
214356
214367
214378
214380
214381
214398
214405
214410
214412
214416
214418
214422
214428
214442
214445
214446
214449
298551
298561
298563
298572
298593
298595
298599
298602
298604
298609
298619
298625
298633
298645
298650
298659
298670
298688
298691
298695
298702
298713
298731
298737
298741
298745
298748
298749
298764
298766
298783
298785
298788
298793
264299
214979
214991
214992
214999
690862
690870
690881
690900
690910
690911
690918
690929
690930
690933
690944
690947
690952
690965
690968
690973
690974
690981
690987
690988
690992
690993
690997
691004
691010
691018
691024
691039
691065
691069
691093
691099
691110
691122
150798
150800
150805
150810
150816
150828
150829
150831
150832
150850
150868
150869
150881
150887
150890
150892
150895
150913
150939
150940
150944
150951
150952
150964
150965
150971
150989
150997
151006
151011
446869815
151232
151237
151246
151250
151263
151272
151287
151290
151306
151314
151333
151335
151346
151354
151363
151371
151374
151382
151392
151400
151413
151425
151432
151443
151451
151471
151484
389152
389170
151015
151019
151031
151033
151034
151042
263723
263725
263769
263772
263774
263778
263783
263785
263786
263805
263808
263810
263812
263819
263820
263831
263837
263843
263850
263851
263879
263880
263888
263893
263894
263897
263903
263915
263929
263933
445991651
445998575
446031724
446060739
446528456
446528965
446529013
446788584
446802536
446804172
446819079
446819359
446843860
446860397
690860
150522
150528
150531
150534
150562
150566
150573
150582
150624
150630
150632
150639
150644
150646
150647
150652
150653
150655
150666
150667
150677
150690
150692
150695
150699
150703
150708
150715
150716
150735
150737
150741
150754
150756
150760
150763
150794
150797
214735
214741
214743
214745
214753
214767
214776
214782
214787
214788
214792
214795
214817
214827
214839
214850
214851
214857
214882
214900
214916
214943
214944
214948
214954
214957
214962
214964
214966
214974
298007
298010
298020
298045
298046
