4964610072
4964610098
4964624387
4964633643
4964633667
4964640813
4964641024
4964643345
4964643371
4964650151
4964650187
4964651172
4964651191
4964666096
4964666304
4964673317
4964673555
4964674442
4964683049
4964683073
4964683493
4964684613
4964686656
4964690795
4964693488
4964694388
4964707676
4964715430
4964715643
4964725503
4964733307
4964733395
4964747536
4964753710
4964792466
4964799343
4964807637
4964807663
4964815517
4964815236
4964816627
4964829673
4964831060
4964836731
4964837412
4964837436
4964845191
4964845302
4964846216
4964846399
4964847195
4964854441
4964854465
4964855901
4964855926
4964869022
4964869194
4964869845
4964875818
4964878560
4964885637
4964894827
4964895560
4964895686
4964898255
4964905893
4964918421
4964926224
4964926902
4964934468
4964934491
4964942122
4964947570
4964971883
4964996964
4965004184
4965004409
4965011176
4965380124
4965388691
4965395322
4965395921
4965396520
4965403325
4965415849
4965424175
4965424450
4965424474
4965432218
4965433175
4965433200
4965440148
4965440230
4965453572
4965454389
4965454415
4965465551
4965474116
4965482543
4965495919
4965504506
4965505316
4965505416
4965513152
4965521607
4965527288
4965536624
4965547035
4965546380
4965547381
4965547532
4965547555
4965569382
4965607483
4965602105
4965616650
4965637972
4965645467
4965653554
4965654155
4965654210
4965674933
4965676456
4965676480
4965682810
4965683926
4965684243
4965684270
4965685639
4965693641
4965695428
4965696901
4965705103
4965707420
4965720482
4965721141
4965747185
4965747212
4965768312
4965794074
4966192292
4966227975
4966230164
4966238202
4966247016
4966253775
4966270693
4966270788
4966277449
4966277473
4966279402
4966279774
4966279797
4966293577
4966299072
4966300630
4966300670
4966315172
4966323500
4966336545
4966337604
4966349393
4966355521
4966356101
4966356110
4966362476
4966369808
4966382101
4966426018
4966426046
4966438963
4966444358
4966444863
4966446708
4966453751
4966455445
4966463284
4966515472
4966515496
4966524057
4966524082
4966548620
4966555439
4966562401
4966569611
4966569635
4966578950
4966578461
4966578484
4966579250
4966579772
4966616105
4966628284
4966647390
4967038135
4967044910
4967059098
4967074267
4967076236
4967083710
4967106676
4967114366
4967114390
4967114414
4967114913
4967129423
4967134580
4967135699
4967135724
4967136004
4967136029
4967144731
4967152935
4967152959
4967153649
4967153680
4967175005
4967177347
4967184789
4967185868
4967185893
4967193598
4967195407
4967219445
4967227101
4967234068
4967242224
4967256466
4967262935
4967271095
4967271119
4967279513
4967281017
4967294908
4967295739
4967301658
4967309651
4967309683
4967311500
4967319673
4967319596
4967320533
4967321380
4967321404
4967328077
4967335297
4967335400
4967342116
4967342965
4967350220
4967343541
4967350283
4967359817
4967375495
4967381234
4967381372
4967381398
4967389035
4967389747
4967397536
4967409524
4967417848
4967423404
4967423427
4967432298
4967826897
4967854773
4967860276
4967860755
4967867676
4967871550
4967878431
4967920877
4967921072
4967921096
4967934783
4967943074
4967950031
4967958555
4967959812
4967959832
4967974024
4967981256
4967982045
4967982098
4967982862
4967993402
4967993431
4968000647
4968053103
4968053822
4968062262
4968071027
4968084592
4968091138
4968110236
4968110260
4968130881
4968154351
4968165819
4968166911
4968190065
4968198263
4968701597
4968720740
4968721029
4968727610
4968734774
4968749022
4968754489
4968760168
4968768189
4968775196
4968787722
4968793777
4968807464
4968839237
4968856681
4968869228
4968875845
4968888447
4968895913
4968956375
4969560106
4969569294
4969611620
4969613049
4969622042
4969623542
4969634295
4969643325
4969644719
4969651330
4969703576
4969725801
4970495523
4970503520
4970526133
4970535515
4970557291
4970557327
4970569984
4970570043
4970582349
4970604466
4970628685
4970629739
4970638257
4970645892
4970648054
4970647982
4970655427
4970659363
4970665816
4970668991
4970678526
4970678171
4970679133
4970706582
4970706613
4970706637
4970718766
4970720725
4970720960
4970732228
4970739156
4970744738
4970757847
4970786825
4970758875
4970765652
4970765449
4970795489
4970795513
4970796319
4970796441
4970803901
4970812498
4970818264
4970818290
4970824170
4970824209
4970825036
4970826426
4970826617
4970826641
4970834390
4970834886
4970843884
4970843908
4970846055
4970846078
4970875116
4970886736
4970893682
4970900087
4970901216
4970902341
4970902366
4970908357
4970923288
4970967455
4970974239
4970991102
4971012932
4971341266
4971341961
4971350426
4971357403
4971358924
4971380992
4971405935
4971418841
4971418867
4971427434
4971427940
4971434974
4971444344
4971451307
4971451840
4971471228
4971471127
4971471156
4971471985
4971472335
4971479772
4971485292
4971485745
4971499132
4971499329
4971505161
4971505783
4971530552
4971541162
4971541222
4971548467
4971575309
4971575429
4971576872
4971583922
4971583946
4971586443
4971594681
4971595225
4971615224
4971616638
4971625357
4971643290
4971644048
4971655748
4971664097
4971657418
4971664089
4971666547
4971675233
4971680685
4971686917
4971687047
4971705689
4971706450
4971706474
4971746371
4971762355
4971762429
4971769047
4972088662
4972120810
4972134068
4972139840
4972140703
4972142267
4972149683
4972149706
4972150459
4972150485
4972150698
4972159049
4972165943
4972166884
4972180636
4972188201
4972195832
4972203145
4972216499
4972217324
4972218107
4972224538
4972224562
4972226294
4972227330
4972234645
4972235522
4972256252
4972263090
4972265024
4972265111
4972281295
4972293527
4972313980
4972315726
4972328137
4972328162
4972333662
4972333685
4972335721
4972356420
4972364432
4972365356
4972365380
4972365991
4972366015
4972371971
4972372424
4972382125
4972382085
4972403549
4972404195
4972425763
4972432373
4972437564
4972540767
4972845581
4972853081
4972873752
4972879252
4972893557
4972901791
4972909595
4972909619
4972922914
4972930749
4972930773
4972930797
4972938274
4972938299
4972941135
4972949813
4972949909
4972964136
4972988202
4972989194
4972989062
4973000657
4973011367
4973019069
4973044976
4973045000
4973052511
4973052584
4973066358
4973073393
4973073419
4973080538
4973089032
4973089085
4973098060
4973098965
4973113140
4973120513
4973122701
4973129831
4973129857
4973132280
4973142513
4973154255
4973156258
4973163552
4973164789
4973176026
4973183185
4973189376
4973209148
4973235840
4973273838
4973688460
4973717450
4973724318
4973725136
4973725869
4973734646
4973735264
4973742671
4973742696
4973743523
4973755256
4973755388
4973756779
4973756803
4973764343
4973764956
4973773704
4973781720
4973782779
4973794080
4973803007
4973846135
4973865412
4973881281
4973890452
4973901891
4973910776
4973911467
4973911248
4973927486
4973927535
4973939089
4973939124
4973939684
4973949302
4973949394
4973959366
4973959390
4973959702
4973967587
4973978098
4973978609
4974047864
4974469714
4974558056
4974596230
4974657372
4975256747
4975276858
4975416393
4975433277
4975433301
4975447238
4975471183
4975477901
4975857945
4975893686
4975894765
4975913484
4975913996
4975925495
4975933397
4975963354
4975964217
4975971018
4975971792
4975979571
4975980326
4975981095
4975987892
4975987929
4975988916
4975988940
4975990071
4976012156
4976012641
4976019246
4976039948
4976047919
4976055877
4976062414
4976084459
4976084483
4976085178
4976085507
4976092418
4976093326
4976093350
4976093926
4976107187
4976108057
4976117188
4976123292
4976135507
4976140706
4976140877
4976140900
4976140923
4976141443
4976141741
4976153661
4976154276
4976155021
4976163830
4976164917
4976173884
4976174839
4976182891
4976198517
4976214493
4976222089
4976222888
4976270335
4976276445
4976284264
4976679233
4976687593
4976707000
4976701798
4976701822
4976709228
4976715201
4976715226
4976715250
4976716965
4976724258
4976734932
4976735622
4976746650
4976747294
4976747628
4976756361
4976779125
4976779745
4976787100
4976789253
4976789277
4976797912
4976805432
4976805603
4976820965
4976828178
4976828912
4976828718
4976843511
4976843788
4976956666
4976957357
4976964835
4976965709
4976965735
4976973068
4976980809
4976994673
4976995371
4977011713
4977012533
4977013637
4977021493
4977021517
4977040013
4977040328
4977049394
4977049426
4977052210
4977063752
4977070554
4977073524
4977086592
4977085834
4977087626
4977094500
4977095165
4977118349
4977125948
4977126460
4977139344
4977139955
4977140021
4977140045
4977155189
4977156416
4977185735
4977230784
4977603661
4977603687
4977610900
4977611226
4977621387
4977629253
4977629700
4977642385
4977659387
4977668028
4977668107
4977680535
4977680585
4977680694
4977681950
4977689503
4977696409
4977707938
4977720713
4977727765
4977737866
4977746985
4977767196
4977767859
4977768427
4977769099
4977785321
4977797458
4977797886
4977803695
4977811840
4977819922
4977820025
4977834015
4977835666
4977835828
4977841203
4977846428
4977884071
4977885426
4977886468
4977892235
4977901496
4977911148
4977912507
4977912374
4977912633
4977925889
4977937413
4977940490
4977947002
4977947075
4977948633
4977968382
4977956138
4977968356
4977974703
4977980559
4978008915
4978009104
4978035907
4978036153
4978431513
4978431542
4978431566
4978431590
4978439913
4978440110
4978466737
4978467857
4978474878
4978476251
4978502367
4978508811
4978508836
4978520503
4978520626
4978521117
4978529027
4978529844
4978542563
4978543195
4978543241
4978543265
4978567494
4978582796
4978598607
4978608785
4978609183
4978609230
4978609486
4978616634
4978616466
4978643981
4978652108
4978670750
4978665418
4978671651
4978702502
4978702539
4978702639
4978702665
4978718032
4978718057
4978718880
4978725970
4978726214
4978726239
4978728056
4978741485
4978741530
4978743012
4978743036
4978750298
4978760825
4978761635
4978763157
4978763620
4978771776
4978792818
4978793106
4978808693
4978869056
4978869104
4978886336
4979255308
4979275841
4979276806
4979284696
4979293228
4979308532
4979314643
4979324785
4979324810
4979325888
4979333450
4979335804
4979336407
4979337568
4979349955
4979352030
4979358098
4979359075
4979359850
4979360275
4979361013
4979368182
4979368817
4979369403
4979370085
4979370109
4979377452
4979377817
4979391124
4979392310
4979407790
4979415049
4979414952
4979427525
4979433966
4979470082
4979477674
4979477771
4979490366
4979496681
4979502589
4979503446
4979510954
4979510978
4979511654
4979518172
4979526988
4979527018
4979552709
4979560323
4979561000
4979568164
4979579620
4979580151
4979586815
4979612440
4980085326
4980099639
4980099732
4980148774
4980162688
4980174907
4980227133
4980257339
4980304790
4980304814
4980304926
4980304950
4980318895
4980319656
4980812818
4980901772
4980955167
4980961923
4980998080
4981004498
4981004521
4981009721
4981009799
4981015042
4981022133
4981022157
4981022254
4981022277
4981022415
4981028844
4981028868
4981053441
4981467379
4981482118
4981482624
4981495932
4981501326
4981503200
4981503251
4981503517
4981503541
4981503565
4981519750
4981519773
4981521562
4981535719
4981542769
4981550111
4981556666
4981556810
4981558216
4981558788
4981566104
4981566127
4981571435
4981572306
4981572345
4981586418
4981588260
4981595008
4981595153
4981596902
4981609358
4981616632
4981617524
4981625987
4981633114
4981634102
4981641050
4981647165
4981654126
4981662347
4981667888
4981667912
4981668207
4981668231
4981669404
4981676400
4981726958
4981727010
4981727034
4981727058
4981727083
4981727108
4981727132
4981727155
4981727179
4981728217
4981729061
4981732249
4981736934
4981749078
4981756417
4981757283
4981778855
4981782478
4981790518
4981792320
4981792607
4981815612
4981822557
4981821795
4981830440
4981832838
4981832951
4981841624
4981847878
4982338291
4982349292
4982357931
4982373413
4982412279
4982432054
4982439286
4982439312
4982440325
4982441109
4982441156
4982455741
4982455914
4982457015
4982463733
4982464897
4982465051
4982465074
4982614148
4982623072
4982623099
4982623123
4982624277
4982625009
4982639063
4982640363
4982640386
4982640617
4982648460
4982667062
4982667812
4982667836
4982668834
4982682366
4982682598
4982689750
4982689773
4982689796
4982698231
4982698255
4982698279
4982709716
4982718926
4982718951
4982726776
4982744994
4982747154
4982748266
4982757249
4982757276
4982764586
4982771263
4982777878
4982778520
4982779641
4982780678
4982789874
4982800120
4982800145
4982800169
4982815568
4982824835
4982833268
4982832790
4982845020
4982845045
4982852532
4982858265
4982864375
4982873471
4982883566
4982892837
4982919715
4982919738
4982931739
4982944205
4982963815
4983328294
4983328629
4983363029
4983370804
4983386755
4983400051
4983400121
4983400145
4983400169
4983401874
4983401898
4983403404
4983403526
4983411995
4983412156
4983413133
4983413526
4983421376
4983421891
4983422499
4983423608
4983431388
4983437222
4983437472
4983438044
4983438068
4983444057
4983445275
4983453561
4983453978
4983466338
4983487500
4983488138
4983488162
4983497724
4983498473
4983506666
4983507452
4983521019
4983528947
4983553504
4983624583
4983624656
4983689883
4983699343
4983705127
4983712757
4983713935
4983713982
4983725860
4983726279
4983733951
4983735109
4983735897
4983749370
4983750229
4983758079
4983759143
4983759167
4983767244
4983767499
4983768428
4983776024
4983776048
4983776709
4983784268
4983792006
4983792173
4984076358
4984546472
4984597920
4984632739
4984670522
4984686947
4984687045
4984691527
4984708634
4984810846
4984825546
4984858797
4984976248
4985018048
4985274665
4986498638
4986504071
4986565699
4986805256
4986932979
4986933712
4986934643
4986941708
4986944396
4986953732
4986954968
4986967515
4986991003
4986984296
4986991893
4986991444
4986991524
4986992423
4986992446
4986993468
4986993496
4986993751
4987001404
4987008107
4987008338
4987014413
4987014444
4987015433
4987015910
4987022642
4987017323
4987023082
4987115070
4987277159
4987279825
4987294350
4987293631
4987294028
4987322046
4987335077
4987335338
4987336279
4987356181
4987356219
4987356246
4987366175
4987368478
4987369662
4987378969
4987380031
4987380054
4987380078
4987381080
4987381347
4987387897
4987387922
4987395801
4987404933
4987406126
4987412417
4987425851
4987426543
4987433968
4987439438
4987445512
4987510732
4987510854
4987517365
4987517802
4987967897
4987967964
4987980064
4987985611
4988005572
4988016211
4988016876
4988054160
4988054320
4988067753
4988067886
4988098607
4988214669
4988710243
4988715699
4988720950
4988721828
4988742478
4988753200
4988773794
4988823815
4988833459
4988889660
4988951113
4989438942
4989506592
4989536430
4989618740
4990069379
4990082532
4990095347
4990108090
4990107886
4990108520
4990119391
4990119803
4990122263
4990122919
4990122952
4990122976
4990129117
4990129144
4990129169
4990130399
4990133189
4990136118
4990138028
4990142053
4990143048
4990143072
4990153970
4990154070
4990154094
4990159932
4990161068
4990161091
4990181311
4990181345
4990181370
4990181542
4990181724
4990183098
4990189783
4990190737
4990190782
4990192013
4990192039
4990192666
4990205736
4990206768
4990206804
4990209193
4990209220
4990209244
4990221010
4990222122
4990230147
4990238749
4990239043
4990239066
4990239290
4990246990
4990258476
4990258766
4990273688
4990274651
4990275399
4990282856
4990283767
4990305199
4990306273
4990313211
4990313506
4990313531
4990321080
4990321445
4990321660
4990332436
4990332571
4990333334
4990333358
4990342723
4990352129
4990345124
4990345148
4990376570
4990382799
4990387811
4990393488
4990394654
4990399774
4990405760
4990405940
4990406006
4990419979
4990422183
4990422207
4990427546
4990429246
4990429442
4990429603
4990436195
4990481896
4990490889
4990492037
4990492150
4990520658
4990553115
4990553215
4990559409
4990560191
4990560214
4990570613
4990957650
4990957514
4990957538
4990964054
4990965779
4990965869
4990965940
4990977513
4990978213
4990979430
4990987483
4990987507
4990988442
4990993810
4991001500
4991002085
4991002402
4991002427
4991014585
4991030757
4991032009
4991032033
4991033318
4991050879
4991051046
4991061123
4991061174
4991063221
4991068427
4991076939
4991077432
4991088883
4991098007
4991110625
4991110666
4991123246
4991124107
4991133233
4991133267
4991140139
4991141297
4991146789
4991161764
4991161790
4991162472
4991169311
4991169334
4991169358
4991169468
4991169492
4991170168
4991170192
4991172067
4991177584
4991177611
4991178713
4991185504
4991181001
4991187664
4991194272
4991200526
4991209850
4991215785
4991228089
4991228113
4991268948
4991269749
4991280970
4991296919
4991296942
4991618320
4991628994
4991641045
4991641076
4991646948
4991664812
4991664838
4991666197
4991672085
4991672995
4991672791
4991679936
4991680868
4991680635
4991693727
4991701036
4991701059
4991701083
4991702789
4991709107
4991709169
4991709865
4991717150
4991731612
4991731639
4991739789
4991741393
4991741398
4991741695
4991741737
4991749786
4991758280
4991758988
4991759012
4991759068
4991760465
4991778825
4991772943
4991778865
4991785932
4991791726
4991792173
4991803734
4991810721
4991816511
4991817557
4991817582
4991826093
4991838522
4991839227
4991845068
4991846424
4991853014
4991853035
4991853969
4991854251
4991855224
4991861557
4991861644
4991863776
4991866387
4991873709
4991873733
4991874771
4991875910
4991876319
4991876342
4991899781
4991900952
4991900980
4991907005
4991913230
4991914045
4991921141
4991921165
4991921189
4991928470
4991951032
4991947982
4991954612
4991955069
4991988625
4991989269
4992012120
4992337425
4992337768
4992348832
4992354848
4992361437
4992380425
4992405366
4992418769
4992424647
4992426109
4992426324
4992434370
4992434467
4992435506
4992443268
4992443292
4992447098
4992463086
4992463109
4992463807
4992463831
4992469630
4992470946
4992471695
4992478911
4992479192
4992480141
4992492299
4992506124
4992499268
4992512780
4992518066
4992518204
4992523955
4992524228
4992524251
4992524274
4992531128
4992536615
4992536666
4992563895
4992564677
4992573474
4992573614
4992593108
4992599703
4992599775
4992600669
4992601736
4992606956
4992607754
4992607778
4992607857
4992608785
4992616965
4992624924
4992632742
4992639538
4992640461
4992648006
4992658896
4992664428
4992664708
4992670860
4992670985
4992671221
4992697407
4992697680
4992703210
4992703477
4992703501
4993058920
4993070405
4993101683
4993121688
4993121711
4993121735
4993121805
4993164652
4993195911
4993203917
4993210075
4993210098
4993210122
4993224826
4993230522
4993238222
4993244470
4993261755
4993346424
4993346449
4993352561
4993361080
4993353492
4993361491
4993361515
4993367511
4993367824
4993380324
4993389281
4993390831
4993399196
4993406720
4993406228
4993407094
4993419023
4993419047
4993426024
4993441189
4993898321
4993898827
4993947941
4993975367
4994009458
4994020868
4994058913
4994058937
4994071699
4994076787
4994524904
4994596293
4994646839
4994652014
4994652404
4994652441
4994673388
4994725743
4995067692
4995067808
4995086512
4995086434
4995106496
4995106531
4995118296
4995119406
4995119522
4995125992
4995127088
4995134031
4995134084
4995134108
4995134885
4995134987
4995141439
4995141359
4995141382
4995141942
4995154394
4995154436
4995154478
4995155371
4995156481
4995157143
4995162862
4995163549
4995163590
4995163614
4995170162
4995170672
4995170695
4995179186
4995178914
4995179560
4995179586
4995192339
4995193455
4995193706
4995193730
4995199955
4995200521
4995207321
4995207345
4995207799
4995208130
4995213699
4995225538
4995226350
4995232254
4995245029
4995245903
4995246699
4995246723
4995258606
4995259450
4995259665
4995265726
4995266587
4995266638
4995267388
4995273813
4995273837
4995280982
4995274741
4995281994
4995282957
4995283055
4995290692
4995297124
4995304550
4995302110
4995305058
4995312776
4995311244
4995313399
4995321059
4995322122
4995336302
4995341727
4995346361
4995346385
4995346409
4995352869
4995354886
4995355575
4995364519
4995365769
4995365792
4995373090
4995387170
4995388274
4995388745
4995396093
4995404769
4995406079
4995427815
4995435331
4995450115
4995805516
4995805540
4995823801
4995858770
4995859675
4995865261
4995866185
4995867132
4995873553
4995874386
4995881081
4995887910
4995887934
4995888813
4995888836
4995888862
4995888885
4995894974
4995909161
4995913335
4995936692
4995937053
4995943330
4995953277
4995953301
4995960168
4995960373
4995962742
4995975103
4995982575
4995982239
4995982595
4995989386
4995989799
4995989827
4996004954
4996029822
4996037630
4996042970
4996043332
4996050889
4996063832
4996073137
4996073317
4996089568
4996092930
4996112058
4996132109
4996144288
4996152127
4996152172
4996158860
4996179594
4996180719
4996201000
4996211387
4996228267
4996236864
4996236891
4996244945
4996245285
4996346862
4996347484
4996737607
4996758096
4996780438
4996822768
4996829604
4996858731
4996912078
4996913951
4996920954
4996923653
4996926037
4996936183
4996936242
4996938121
4996938375
4996961386
4996965954
4996966632
4996978355
4996984454
4996985116
4996985562
4996987603
4997002674
4997001594
4997006753
4997013127
4997013604
4997014945
4997017453
4997018423
4997019225
4997026123
4997040202
4997052316
4997051933
4997062262
4997065049
4997066660
4997077682
4997077932
4997077958
4997085322
4997114801
4997119625
4997131299
4997138595
4997140805
4997155572
4997155602
4997159676
4997181376
4997183987
4997194368
4997209831
4997211259
4997213517
4997222030
4997225847
4997243500
4997245075
4997249434
4997286004
4997290572
4997304294
4997331795
4997354859
4997357328
4997857295
4997866948
4997880244
4997913940
4997929882
4997929914
4997936881
4997937035
4997939075
4997949377
4997960044
4997965753
4997982919
4997982950
4997993368
4997995613
4997995675
4998005675
4998006521
4998019780
4998019816
4998029146
4998029190
4998039095
4998039720
4998053971
4998064464
4998075506
4998089660
4998160378
4998171836
4998172285
4998174290
4998193233
4998200802
4998200867
4998216216
4998216248
4998224760
4998233248
4998242343
4998242370
4998252541
4998252566
4998258733
4998258760
4998281432
4998289024
4998297224
4998305886
4998305910
4998305934
4998311329
4998317950
4998317985
4998325617
4998327253
4998342106
4998355168
4998355192
4998355217
4998355510
4998356603
4998368951
4998369168
4998395780
4998396597
4998403157
4998403642
4998403666
4998403690
4998409287
4998410389
4998437628
4998784610
4998876546
4998890455
4998897826
4998898684
4998906198
4998906226
4998913849
4998919996
4998950768
4998956721
4998958656
4998959797
4998974768
4998974792
4998987385
4998988456
4998995501
4999001399
4999002281
4999002306
4999020123
4999020149
4999028280
4999034278
4999035621
4999041587
4999047180
4999055555
4999056927
4999063411
4999064593
4999072062
4999077779
4999085201
4999091174
4999093951
4999093975
4999112395
4999112421
4999126654
4999125831
4999131985
4999132710
4999133654
4999133678
4999139214
4999147951
4999196451
4999569157
4999612761
4999618717
4999624979
4999630353
4999652326
4999724569
4999824804
4999830180
5000247047
5000262790
5000273666
5000278837
5000278861
5000295781
5000295875
5000301013
5000322178
5000322202
5000332739
5000337859
5000337934
5000360479
5000797178
5000797435
5000797459
5000802726
5000820450
5000833395
5000839640
5000846605
5000853859
5000854500
5000855392
5000862969
5000863274
5000869108
5000869132
5000870275
5000869662
5000870272
5000870297
5000870572
5000876194
5000876217
5000882794
5000882818
5000883985
5000884009
5000884033
5000885055
5000892052
5000900899
5000903615
5000903639
5000909556
5000916601
5000916624
5000922801
5000923733
5000923816
5000930439
5000930485
5000931666
5000932463
5000938431
5000939470
5000939631
5000946824
5000946849
5000947315
5000953093
5000953117
5000958609
5000958707
5000959278
5000959405
5000965659
5000965683
5000973249
5000973673
5000992450
5000993089
5000994017
5000994041
5000994751
5001000870
5001001694
5001001718
5001011241
5001016750
5001029641
5001037866
5001037600
5001037626
5001040100
5001046306
5001046973
5001054346
5001061022
5001068614
5001070326
5001079378
5001084514
5001084538
5001084562
5001090399
5001090666
5001092268
5001092802
5001099858
5001099917
5001114623
5001115716
5001117552
5001124013
5001125644
5001132366
5001133904
5001152465
5001152276
5001152904
5001152927
5001167741
5001174562
5001186147
5001197452
5001213957
5001219113
5001553404
5001560315
5001578971
5001591774
5001593208
5001599311
5001600458
5001613532
5001619648
5001619928
5001628206
5001628344
5001636319
5001642826
5001642612
5001649083
5001649107
5001656625
5001656898
5001670152
5001670265
5001677466
5001690805
5001690828
5001691510
5001697483
5001697315
5001700709
5001700820
5001705127
5001716849
5001727674
5001729857
5001730589
5001736282
5001736020
5001737783
5001743768
5001744049
5001744132
5001755907
5001756309
5001757743
5001763635
5001764077
5001764101
5001771564
5001771723
5001773368
5001773394
5001779686
5001778951
5001786752
5001793476
5001793007
5001793042
5001794858
5001801393
5001801419
5001802381
5001802409
5001803560
5001803820
5001810077
5001812292
5001826014
5001833416
5001833538
5001833562
5001847901
5001855798
5001866843
5001866866
5001867235
5001867320
5001887807
5001888302
5001905572
5001927284
5002244330
5002281949
5002281975
5002281999
5002282023
5002282047
5002287669
5002294013
5002307323
5002315891
5002328070
5002327796
5002329752
5002329889
5002335934
5002335537
5002342802
5002342827
5002344250
5002350787
5002357455
5002366065
5002366001
5002366027
5002371583
5002379880
5002380140
5002381888
5002381912
5002388920
5002407072
5002401757
5002401781
5002408227
5002413727
5002420666
5002441036
5002446826
5002448485
5002461383
5002467392
5002468311
5002468706
5002477056
5002481517
5002481619
5002483398
5002492544
5002487741
5002492040
5002492064
5002492088
5002504320
5002505404
5002514349
5002520972
5002521000
5002524476
5002544873
5002551760
5002560360
5002567860
5002585251
5002614350
5002619811
5002952842
5003000640
5003000665
5003006511
5003007767
5003020792
5003020270
5003020403
5003020427
5003027005
5003032597
5003035223
5003035247
5003035271
5003043263
5003043295
5003044781
5003045292
5003045316
5003051547
5003051576
5003051605
5003054303
5003054337
5003059978
5003074702
5003076013
5003083160
5003083177
5003083278
5003083813
5003089152
5003102702
5003108648
5003114648
5003115110
5003115842
5003115867
5003166159
5003172519
5003180671
5003180732
5003186569
5003195067
5003207618
5003209804
5003215992
5003216017
5003216042
5003237104
5003242819
5003244391
5003250711
5003250738
5003257030
5003257054
5003274524
5003298630
5003304031
5003342240
5003342350
5003347768
5003644741
5003645392
5003699265
5003706022
5003712154
5003716754
5003716789
5003727113
5003741378
5003741767
5003748697
5003748721
5003749423
5003753858
5003753938
5003756399
5003762947
5003764215
5003763659
5003780225
5003787590
5003788167
5003792942
5003864890
5003872052
5003884776
5003885040
5003891102
5003897331
5003898417
5003923298
5003929122
5003930564
5003939229
5003952039
5003952793
5003969851
5003978922
5003978907
5003998183
5003999154
5004001084
5004001128
5004004203
5004017302
5004018700
5004030381
5004030404
5004031510
5004045202
5004046028
5004067460
5004068313
5004073747
5004082065
5004087577
5004109198
5004487916
5004537453
5004542829
5004570114
5004575699
5004608246
5004629646
5004629683
5004640246
5004730259
5005120345
5005145997
5005156360
5005156322
5005161666
5005172372
5005268828
5005685580
5005692470
5005697344
5005712275
5005719521
5005727546
5005741676
5005748125
5005749007
5005749128
5005756577
5005756844
5005762448
5005765366
5005775837
5005775861
5005777103
5005778102
5005785705
5005788956
5005795870
5005795894
5005796732
5005817982
5005818303
5005819022
5005819952
5005827842
5005828235
5005835444
5005836634
5005836772
5005845083
5005845935
5005856527
5005856845
5005857600
5005857624
5005858669
5005865623
5005865647
5005866726
5005867013
5005906081
5005905865
5005912888
5005913440
5005913465
5005913489
5005914291
5005925479
5005937810
5005939369
5005948105
5005957726
5005958682
5005958710
5005958734
5005958758
5005969689
5005971694
5005971736
5005971759
5005984161
5005985992
5005995983
5005996010
5005997791
5006006853
5006007224
5006014641
5006034819
5006034247
5006034271
5006034294
5006036093
5006035567
5006036764
5006052315
5006053336
5006069750
5006070201
5006078672
5006106774
5006107262
5006170441
5006517895
5006518072
5006530344
5006539089
5006548106
5006556240
5006556152
5006556889
5006570907
5006573171
5006581422
5006594166
5006594234
5006596485
5006596509
5006605106
5006620603
5006621801
5006629280
5006629421
5006629445
5006631159
5006631786
5006631815
5006631839
5006631862
5006638070
5006638445
5006648165
5006648188
5006663982
5006664006
5006664030
5006666024
5006666139
5006673718
5006681426
5006682429
5006683043
5006704483
5006704747
5006711871
5006732998
5006747985
5006764885
5006785502
5006785567
5006793232
5006796011
5006804746
5006831234
5006840402
5006842886
5006843043
5006862476
5006860520
5006861724
5006875669
5006877000
5006877558
5006877582
5006878284
5006878308
5006896558
5006926492
5006935179
5006961765
5007368246
5007389519
5007397828
5007405415
5007405439
5007406125
5007406150
5007413190
5007417971
5007418363
5007418387
5007430842
5007438803
5007457002
5007457873
5007466181
5007467607
5007467633
5007467657
5007479778
5007481912
5007481936
5007489709
5007490993
5007492116
5007499847
5007499872
5007511097
5007513708
5007526189
5007527719
5007527742
5007529073
5007529635
5007537172
5007537196
5007538378
5007548085
5007550231
5007560096
5007572146
5007574594
5007582660
5007600643
5007620475
5007613482
5007638689
5007639496
5007651905
5007651932
5007663123
5007663147
5007663601
5007672930
5007680963
5007682149
5007696753
5007696998
5007704678
5007713606
5007722275
5007724513
5007738483
5007738507
5007752778
5007788223
5007816463
5007850178
5007856720
5008268560
5008276513
5008290775
5008305823
5008313992
5008314018
5008314042
5008314066
5008334701
5008479007
5008480331
5008481129
5008491124
5008491375
5008500239
5008513127
5008521480
5008523055
5008530288
5008532689
5008553037
5008554271
5008554297
5008562287
5008562321
5008571833
5008575931
5008582143
5008582168
5008582192
5008597362
5008598362
5008604938
5008605634
5008613310
5008613766
5008623257
5008636870
5008661414
5008683407
5008684400
5008695447
5008707350
5008718507
5008720450
5008726842
5008726867
5008726891
5008726988
5008727562
5008728112
5008728141
5008739187
5008747949
5008748801
5008770653
5008778885
5008786086
5008815053
5008822073
5008834921
5008841128
5009513617
5009536127
5009536529
5009548886
5009548910
5009549800
5009550346
5009556565
5009565797
5009566381
5009566405
5009567206
5009567475
5009567500
5009568848
5009568872
5009568896
5009605229
5009606863
5009606887
5009614307
5009615049
5009623016
5009637282
5009644694
5009647125
5009653298
5009661455
5009661862
5009684029
5009762717
5009845961
5009858484
5009858577
5009865133
5009865857
5009865882
5009907890
5009916728
5009916754
5009934899
5009943111
5009949700
5009961027
5009990622
5009991261
5009991732
5009991756
5009998959
5009999786
5010005199
5010005821
5010975059
5011280783
5011286675
5011961051
5013028096
5013485346
5013487310
5013520789
5013709588
5013771252
5013825348
5013838910
5013844495
5013929516
5013942366
5014407840
5014419566
5014419657
5014419852
5014419876
5014425683
5014425707
5014426133
5014426620
5014433545
5014434248
5014434500
5014459252
5014459357
5014500568
5014517431
5014517507
5014524040
5015073138
5015073234
5015079936
5015080052
5015080325
5015106609
5015106633
5015107008
5015115469
5015131305
5015144508
5015144534
5015145222
5015145246
5015153190
5015162767
5015162795
5015175022
5015175890
5015175915
5015177649
5015177675
5015184927
5015185526
5015185550
5015194558
5015204079
5015204266
5015204290
5015205170
5015217319
5015217342
5015218589
5015218613
5015221192
5015226435
5015240161
5015248054
5015263508
5015270522
5015271179
5015270918
5015271784
5015278025
5015278049
5015279498
5015286199
5015302249
5015303765
5015310815
5015310852
5015311734
5015330055
5015329848
5015331014
5015359408
5015360345
5015368026
5015374442
5015390571
5015398700
5015399263
5015407238
5015409010
5015422572
5015423049
5015430188
5015437932
5015438644
5015446024
5015453566
5015555412
5015555458
5015971059
5015971086
5015971470
5015972091
5015979053
5015979624
5015979663
5015979687
5015979958
5015979982
5015980006
5015980030
5015980152
5015987553
5015993393
5015993419
5016000096
5016000121
5016009867
5016010117
5016010847
5016034309
5016040745
5016040770
5016041674
5016047911
5016050792
5016057868
5016057971
5016058002
5016058029
5016064522
5016065233
5016072779
5016079081
5016086946
5016094151
5016096351
5016097238
5016103559
5016103695
5016116048
5016116956
5016116981
5016124226
5016146134
5016160357
5016160389
5016170580
5016171357
5016178276
5016177481
5016190005
5016189800
5016190264
5016191058
5016199735
5016199760
5016207875
5016208595
5016231239
5016232485
5016232509
5016236536
5016236824
5016240269
5016248327
5016251587
5016258056
5016260852
5016266620
5016266644
5016266668
5016267449
5016273432
5016273790
5016274078
5016274550
5016290279
5016298145
5016298577
5016315908
5016316160
5016339669
5016349047
5016356038
5016356392
5016357605
5016738009
5016732152
5016739229
5016746272
5016747687
5016755684
5016755583
5016774902
5016782064
5016782630
5016782983
5016783148
5016790243
5016792662
5016790848
5016792816
5016805842
5016805866
5016806707
5016806731
5016812500
5016813847
5016821167
5016821849
5016831242
5016839413
5016852337
5016851095
5016852048
5016853106
5016860250
5016863376
5016873123
5016873312
5016884006
5016882522
5016882550
5016889761
5016889787
5016895615
5016895852
5016905078
5016897958
5016903643
5016905277
5016906111
5016914758
5016922556
5016928469
5016940576
5016954248
5016977110
5016980006
5016980030
5016987217
5016989330
5017004853
5017034931
5017039993
5017050300
5017060456
5017068244
5017069758
5017103404
5017117481
5017117656
5017123179
5017123203
5017123667
5017202067
5017578653
5017585684
5017596315
5017632395
5017641329
5017660673
5017662029
5017661482
5017686037
5017701593
5017701653
5017717178
5017718149
5017718175
5017729986
5017730648
5017730673
5017738951
5017746487
5017746620
5017766683
5017767242
5017767378
5017781901
5017782295
5017802192
5017811156
5017828529
5017829668
5017835654
5017842173
5017886901
5017894482
5017908600
5017917439
5017924254
5017952687
5017953213
5017969106
5017987192
5017999771
5018025247
5018038756
5018039142
5018416191
5018416775
5018433777
5018445458
5018452854
5018461131
5018454141
5018454165
5018461220
5018461925
5018462005
5018462463
5018469954
5018470610
5018470638
5018476119
5018482471
5018482457
5018482790
5018482861
5018492120
5018493056
5018492898
5018493437
5018501737
5018526566
5018526022
5018526056
5018526080
5018536008
5018537166
5018538100
5018538126
5018545422
5018547493
5018546318
5018547613
5018547637
5018555452
5018556848
5018562906
5018571442
5018570254
5018571396
5018579560
5018580637
5018580663
5018590738
5018604411
5018609956
5018609980
5018644781
5018645480
5018646510
5018663971
5018677471
5018692822
5018694030
5018695286
5018704514
5018713347
5018714597
5018714621
5018720986
5018729680
5018729704
5018729728
5018750361
5018751888
5018771935
5018790038
5018795642
5018820177
5018820201
5018851719
5019273254
5019338385
5019356507
5019388496
5019466917
5019474043
5019505585
5019559887
5019559912
5019560173
5019560197
5019560412
5019608522
5020177525
5020690875
5020701745
5020702907
5020711261
5020710255
5020710595
5020710619
5020711562
5020718089
5020721042
5020721801
5020721825
5020731243
5020731006
5020732134
5020732417
5020743759
5020744956
5020745049
5020753051
5020753559
5020754298
5020769833
5020770419
5020769998
5020770022
5020771012
5020776546
5020782065
5020782759
5020782969
5020782994
5020783018
5020784191
5020784896
5020784921
5020792805
5020792829
5020794313
5020794337
5020795233
5020802783
5020802807
5020803389
5020803424
5020803459
5020803484
5020804679
5020806679
5020816951
5020816977
5020831001
5020839882
5020842365
5020858401
5020858958
5020870744
5020871587
5020871266
5020887212
5020904897
5020906891
5020925256
5020925834
5020925859
5020949391
5020948288
5020949011
5020956967
5020957838
5020965267
5020966953
5020976659
5020976684
5020984473
5020990373
5020993099
5020992731
5021002468
5021002491
5021009891
5021031001
5021048980
5021073414
5021073490
5021074228
5021088011
5021088047
5021505226
5021526951
5021526317
5021533778
5021534315
5021534339
5021542621
5021551870
5021555997
5021563864
5021564087
5021564744
5021564768
5021572474
5021574720
5021583113
5021591662
5021592913
5021598351
5021604940
5021604966
5021606236
5021615131
5021617065
5021625149
5021626640
5021626668
5021633735
5021649857
5021657055
5021657257
5021658156
5021686717
5021702190
5021710272
5021723300
5021722226
5021725374
5021725399
5021735464
5021735590
5021742981
5021743005
5021744846
5021753187
5021753211
5021758519
5021767216
5021767241
5021767264
5021769558
5021769582
5021770941
5021780143
5021780884
5021789072
5021790593
5021799191
5021799444
5021800237
5021813994
5021816312
5021816342
5021816373
5021824741
5021825669
5021834854
5021856377
5021865527
5021872377
5021911683
5021930205
5022362904
5022370162
5022371415
5022378966
5022387557
5022387581
5022401253
5022410325
5022411863
5022419349
5022420744
5022422228
5022434510
5022434717
5022444212
5022445845
5022463935
5022471130
5022473267
5022478831
5022479160
5022479259
5022493795
5022494414
5022495856
5022515504
5022527671
5022527698
5022529278
5022529984
5022536471
5022538390
5022537770
5022545854
5022567639
5022577488
5022586523
5022586563
5022588056
5022588338
5022589473
5022605112
5022628162
5022628965
5022638276
5022638469
5022665091
5022665115
5022665138
5022672761
5022672785
5022675082
5022682840
5022682864
5022683280
5022708452
5022709356
5022731348
5022745598
5022768851
5023154855
5023167046
5023189947
5023202950
5023229947
5023244720
5023246313
5023263839
5023271405
5023272967
5023272758
5023272782
5023273855
5023297478
5023306483
5023306507
5023313839
5023314944
5023315776
5023331621
5023331644
5023337648
5023338260
5023348150
5023355030
5023356570
5023357322
5023369592
5023370726
5023377240
5023377610
5023385527
5023395217
5023395250
5023415260
5023415284
5023425762
5023432733
5023447685
5023448747
5023456660
5023456684
5023465378
5023466208
5023475512
5023488120
5023476139
5023489253
5023495055
5023495079
5023496564
5023496785
5023497225
5023514128
5023520879
5023532270
5023540920
5023548481
5023562976
5024105929
5024119329
5024159002
5024167250
5024167284
5024172659
5024172691
5024172716
5024239074
5024247093
5024250047
5024260070
5024295300
5024308709
5024308881
5024316120
5024325989
5024328040
5024335573
5024363520
5024379447
5024389421
5024415882
5024416095
5024433958
5024443095
5024437397
5024443514
5024445696
5024445722
5024457152
5024457434
5024471592
5024475838
5024474332
5024476767
5024491549
5024494404
5024501439
5024506342
5024515219
5024516223
5024529990
5024530018
5024533576
5024537497
5024545555
5024545583
5024555197
5024562118
5024565434
5024578935
5024596021
5024596054
5024623418
5024766821
5025438641
5025437730
5025437764
5025439282
5025458531
5025487213
5025499421
5025506399
5025524314
5025531449
5025550732
5025556626
5025681790
5026180041
5026187098
5026188127
5026188151
5026195245
5026196217
5026202997
5026239234
5026258024
5026258048
5026281796
5026294894
5026300091
5026305358
5026312016
5026329966
5026371334
5026378138
5026378492
5026390709
5026403008
5026409630
5026803770
5026816277
5026845307
5026853893
5026861020
5026862062
5026862086
5026874767
5026875376
5026880933
5026890878
5026892308
5026892332
5026901079
5026915972
5026915794
5026921460
5026922791
5026922815
5026923288
5026925066
5026932195
5026932338
5026940011
5026941614
5026954602
5026961238
5026961269
5026961294
5026964178
5026974005
5026974028
5026981289
5026981829
5026994875
5026995343
5027001240
5027014270
5027040468
5027042023
5027050061
5027049683
5027050650
5027050774
5027051619
5027067466
5027067489
5027074526
5027081373
5027081638
5027081661
5027082083
5027082132
5027082649
5027090686
5027093058
5027101865
5027123055
5027131108
5027132206
5027132848
5027132872
5027139864
5027140814
5027141413
5027148507
5027155229
5027160898
5027161003
5027161840
5027169935
5027177280
5027195340
5027195346
5027208696
5027233634
5027600973
5027635619
5027654250
5027662383
5027701581
5027701604
5027702059
5027702149
5027702174
5027709721
5027709750
5027709774
5027725614
5027725704
5027731334
5027732210
5027732234
5027732730
5027740285
5027740309
5027741345
5027746581
5027765658
5027771378
5027771287
5027771312
5027771463
5027771486
5027781718
5027782764
5027789673
5027797722
5027797746
5027823442
5027825904
5027832154
5027840710
5027846689
5027846713
5027846736
5027847480
5027865030
5027865931
5027878637
5027879397
5027879423
5027885991
5027901449
5027911271
5027917509
5027944773
5027952820
5027964439
5028402646
5028419959
5028420091
5028427100
5028427124
5028434785
5028454633
5028455322
5028455550
5028463608
5028473048
5028486954
5028495122
5028512150
5028520487
5028520052
5028526852
5028534805
5028534601
5028542714
5028543542
5028544818
5028544842
5028553763
5028553823
5028554082
5028554106
5028555211
5028562435
5028574614
5028576647
5028585019
5028585033
5028593915
5028594640
5028594264
5028601331
5028607966
5028621561
5028622518
5028622524
5028631936
5028632371
5028640044
5028646270
5028646243
5028646113
5028653674
5028653719
5028656507
5028666205
5028667024
5028667048
5028676167
5028676074
5028676861
5028690690
5028698685
5028699768
5028699791
5028708576
5028708600
5028717706
5028717730
5028719044
5028720528
5028720554
5028720577
5028735010
5028741025
5028742661
5028753410
5028761019
5028761875
5028782609
5028798023
5029096311
5029096376
5029096459
5029099346
5029101514
5029131837
5029134453
5029135777
5029135528
5029137871
5029139447
5029139497
5029139531
5029141291
5029142288
5029143776
5029147811
5029150572
5029150639
5029150713
5029157220
5029157266
5029158642
5029158694
5029160632
5029165399
5029166844
5029171337
5029172948
5029174293
5029180811
5029213058
5029214525
5029221563
5029229836
5029247086
5029256316
5029255245
5029255463
5029255487
5029264929
5029265653
5029265677
5029265700
5029272318
5029272375
5029272400
5029272544
5029278222
5029279952
5029280894
5029288638
5029288712
5029289782
5029309556
5029298818
5029300527
5029300562
5029308070
5029315846
5029322468
5029323054
5029323078
5029324558
5029325331
5029326894
5029336028
5029336417
5029345586
5029346547
5029353967
5029365893
5029366846
5029375259
5029376237
5029384645
5029407257
5029407598
5029440292
5029467147
5029844246
5029844270
5029862772
5029863982
5029873662
5029873514
5029880741
5029907268
5029907292
5029907316
5029908440
5029909604
5029926038
5029927335
5029929048
5029936708
5029958617
5029960848
5029968056
5029968080
5029969570
5029970688
5029978336
5029978360
5029992642
5029994814
5029994838
5030011413
5030022095
5030035529
5030041394
5030042020
5030063190
5030063214
5030083534
5030092106
5030110754
5030118904
5030135743
5030138322
5030147238
5030147262
5030154220
5030154245
5030160018
5030160908
5030166428
5030167644
5030168819
5030176593
5030178679
5030179919
5030179945
5030187190
5030208907
5030208931
5030209275
5030224159
5030252011
5030259418
5030758861
5030758605
5030759027
5030766173
5030772902
5030780466
5030791848
5030799422
5030813604
5030833012
5030833039
5030847282
5030943451
5030954004
5030984373
5030990919
5030990943
5031015417
5031022322
5031035889
5031046335
5031440843
5031459368
5031489293
5031494613
5031526223
5031548004
5031548030
5031553777
5031566650
5031579724
5031597168
5031610228
5031650414
5031656985
5031705496
5031724876
5031730187
5031745734
5031754052
5031759383
5032126714
5032163729
5032164101
5032172374
5032175942
5032175975
5032176398
5032176585
5032184121
5032198040
5032198095
5032204080
5032212025
5032212049
5032217120
5032217198
5032227585
5032227608
5032227631
5032229106
5032230803
5032230828
5032238266
5032238298
5032238322
5032241512
5032241538
5032249210
5032249234
5032250705
5032257023
5032263556
5032263580
5032265211
5032266722
5032277716
5032280202
5032302621
5032280586
5032288850
5032290578
5032290614
5032290644
5032290673
5032290699
5032300852
5032300290
5032300318
5032300342
5032301392
5032301416
5032334661
5032347497
5032358557
5032369216
5032383078
5032405170
5032406911
5032420993
5032420858
5032420884
5032460925
5032482041
5032482065
5032482784
5032483311
5032483522
5032490914
5032499854
5032499883
5032499907
5032506807
5032513346
5032515146
5032541476
5032552130
5032564466
5032564492
5032565012
5032573802
5032573825
5032581347
5032581389
5032589471
5032597662
5032603782
5032604471
5032611796
5032627122
5032633062
5032646063
5032652644
5032652667
5033034432
5033052943
5033053825
5033062045
5033071437
5033093429
5033093551
5033093603
5033108169
5033108581
5033116289
5033118559
5033118583
5033118750
5033118774
5033128114
5033141884
5033142297
5033142391
5033149866
5033159615
5033161843
5033171567
5033171113
5033172298
5033180453
5033193968
5033194368
5033194866
5033202936
5033203409
5033204713
5033204737
5033204761
5033204784
5033214348
5033216230
5033223293
5033237796
5033257264
5033256746
5033257644
5033278062
5033278775
5033280297
5033288857
5033289545
5033297735
5033297699
5033299280
5033307328
5033320426
5033329290
5033331227
5033339816
5033341505
5033364259
5033364283
5033366052
5033366076
5033367672
5033367699
5033375671
5033377004
5033379362
5033390541
5033390572
5033397742
5033429769
5033430540
5033438301
5033438912
5033446355
5033447114
5033447851
5033454998
5033462327
5033477578
5033477621
5033485328
5033485353
5033503944
5033518709
5033526063
5033526172
5033897964
5033904789
5033919540
5033939179
5033941390
5033948533
5033976627
5033984196
5033984257
5033986738
5033996318
5033996348
5034004437
5034004469
5034007227
5034007259
5034013585
5034013609
5034020905
5034022037
5034022064
5034022092
5034029943
5034029987
5034031540
5034031564
5034033109
5034040432
5034040455
5034041554
5034043066
5034043090
5034043114
5034051276
5034053048
5034066095
5034070108
5034070465
5034070492
5034078141
5034080184
5034089034
5034090579
5034097367
5034098197
5034098221
5034111036
5034112374
5034112400
5034120940
5034127941
5034128476
5034128552
5034151144
5034151308
5034151340
5034152899
5034182553
5034190144
5034198401
5034198432
5034199399
5034205226
5034205922
5034206381
5034214830
5034216237
5034216061
5034217387
5034226258
5034229332
5034228519
5034228577
5034240109
5034240132
5034241689
5034241724
5034243805
5034243487
5034252395
5034253171
5034259313
5034262115
5034273297
5034273324
5034273913
5034285057
5034286576
5034302548
5034302102
5034323951
5034741600
5034764464
5034772008
5034772060
5034772838
5034781316
5034788284
5034804818
5034818406
5034818939
5034835201
5034837126
5034837149
5034844196
5034856963
5034861226
5034861330
5034871236
5034874080
5034881346
5034881453
5034884561
5034891914
5034891937
5034893500
5034892754
5034892781
5034893730
5034893754
5034905581
5034906741
5034908096
5034908125
5034922226
5034930299
5034931227
5034939131
5034939651
5034940348
5034941150
5034969444
5034960471
5034969203
5034989350
5034989743
5035031883
5035033278
5035044850
5035054133
5035053224
5035054546
5035055979
5035056000
5035056024
5035065502
5035067136
5035098970
5035099031
5035104312
5035104358
5035104383
5035111888
5035113091
5035113114
5035114045
5035114096
5035121484
5035122628
5035128432
5035152174
5035153094
5035173559
5035188387
5035188647
5035219611
5035243519
5035640428
5035641071
5035648051
5035650074
5035651209
5035651247
5035660195
5035661940
5035669244
5035684293
5035707650
5035717809
5035718199
5035751385
5035753066
5035761669
5035762535
5035763383
5035763528
5035772610
5035772646
5035786286
5035787203
5035787228
5035808133
5035808972
5035817809
5035848053
5035848078
5035880117
5035889443
5035898379
5035952375
5036546273
5038325562
5038351219
5039158160
5039170158
5040090123
5040297818
5042680065
5042752395
5042782449
5042782734
5042789589
5042789884
5042808558
5042820253
5042903801
5042911853
5043426214
5043465100
5043529523
5043557560
5043669965
5043688182
5044376286
5044376428
5044376452
5044376476
5044383009
5044401738
5044879719
5044879742
5044886532
5044891901
5044891926
5044892079
5044892103
5044897449
5044897472
5044932564
5044937707
5044937731
5044956956
5044957193
5044975448
5044982088
5045016257
5045023199
5045023224
5045024994
5045048197
5045088205
5045096652
5045102142
5045108175
5045108346
5045109862
5045109885
5045116512
5045117373
5045130766
5045136076
5045136099
5045136469
5045136587
5045136610
5045167791
5045174496
5045187819
5045198298
5045198271
5045211575
5045218234
5045683378
5045683608
5045690122
5045690626
5045690650
5045697150
5045697177
5045715460
5045739270
5045792889
5045810649
5045810673
5045828082
5045828106
5045834780
5045858193
5045858241
5045872451
5045872474
5045872587
5045889634
5045915246
5045915325
5045933872
5045950940
5045951013
5046356893
5046363071
5046382459
5046389545
5046411028
5046411266
5046411379
5046416801
5046416864
5046423520
5046451022
5046520480
5046528315
5046533686
5046533709
5046533733
5046533757
5046533781
5046533809
5046533833
5046533857
5046533885
5046533911
5046533943
5046533967
5046533993
5046534016
5046534040
5046534064
5046534088
5046534112
5046534138
5046534162
5046534186
5046534210
5046564211
5046577538
5046579195
5046577667
5046586083
5046587152
5046588360
5046601041
5046599581
5046599607
5046602386
5046603084
5046609891
5046610781
5046622857
5046622883
5046625491
5046632596
5046632621
5046632645
5046634225
5046635589
5046642489
5046645259
5046652974
5046653934
5046660754
5046667968
5046668502
5046675698
5046677372
5046677396
5046684315
5046684339
5046684363
5046685565
5046686253
5046693593
5046706442
5046713369
5046713393
5046715247
5046714564
5046715468
5046722413
5046722437
5046722763
5046812451
5046813270
5046824055
5046824079
5046824665
5046824782
5046832624
5046852995
5046858627
5046865417
5047223062
5047223315
5047234052
5047241782
5047242711
5047249245
5047250448
5047257611
5047263191
5047272145
5047281347
5047281190
5047295474
5047318228
5047326181
5047335199
5047335400
5047343379
5047344544
5047345490
5047354551
5047360292
5047354987
5047369919
5047390256
5047390306
5047390387
5047420206
5047420233
5047423869
5047424489
5047429221
5047429244
5047429268
5047430165
5047430189
5047437676
5047432310
5047438127
5047438801
5047443992
5047445707
5047470998
5047481413
5047487417
5047487447
5047494715
5047495937
5047513192
5047513222
5047514419
5047523411
5047531227
5047531253
5047536314
5047537801
5047537825
5047539131
5047539941
5047539968
5047550185
5047549989
5047550091
5047558776
5047558799
5047558822
5047567460
5047567484
5047568388
5047568415
5047584914
5047603055
5047603807
5047605152
5047624674
5047624772
5047632550
5047632887
5047639682
5047639706
5047654545
5047660408
5047674120
5047706595
5047719702
5048061764
5048080163
5048086378
5048089388
5048111034
5048117778
5048126982
5048126466
5048134030
5048134056
5048134640
5048163816
5048171237
5048179689
5048181622
5048183430
5048193535
5048194133
5048194157
5048195190
5048202587
5048202657
5048202681
5048216741
5048220666
5048220691
5048228154
5048228550
5048231801
5048239195
5048239219
5048239242
5048241880
5048241907
5048249385
5048262991
5048270725
5048276651
5048305618
5048314966
5048323139
5048323165
5048346332
5048355505
5048357256
5048363890
5048363914
5048372883
5048378937
5048379558
5048386148
5048386272
5048393878
5048396225
5048426225
5048430336
5048433926
5048434782
5048451855
5048462876
5048463824
5048464225
5048472000
5048479184
5048494253
5048512834
5048551445
5048563886
5048914181
5048921760
5048929849
5048949936
5048972466
5048987099
5048986759
5048993850
5049000655
5049006319
5049014474
5049015219
5049033282
5049033341
5049057359
5049057287
5049064208
5049064256
5049074604
5049075416
5049087768
5049134824
5049167647
5049176274
5049176305
5049187179
5049195731
5049206845
5049209315
5049218075
5049221154
5049221061
5049232154
5049233005
5049233029
5049248412
5049248443
5049254054
5049257212
5049265747
5049267781
5049267817
5049268650
5049278921
5049297975
5049297773
5049297796
5049297819
5049298048
5049298986
5049298658
5049305959
5049312683
5049317973
5049325270
5049326086
5049364857
5049369926
5049754261
5049754287
5049770957
5049782830
5049789595
5049820574
5049821530
5049821555
5049821578
5049821602
5049821626
5049835122
5049861351
5049861375
5049861399
5049874631
5049884377
5049884522
5049892362
5049901297
5049910944
5049913000
5049912775
5049926606
5049934382
5049934423
5049943515
5049971463
5049973162
5049994684
5049994708
5050026578
5050026263
5050026287
5050027843
5050036136
5050035875
5050047258
5050041693
5050048230
5050047733
5050047757
5050047781
5050048796
5050056560
5050068202
5050069527
5050085117
5050084852
5050084906
5050090820
5050092195
5050101091
5050101114
5050108403
5050108848
5050116866
5050129503
5050145654
5050206236
5050819987
5050857715
5050871028
5050879446
5050894364
5051230962
5051862164
5051871604
5051886961
5051886991
5051890368
5051897099
5051979605
5051985524
5051986817
5052003553
5052027853
5052127526
5052142163
5052149228
5052149630
5052150086
5052161687
5052208352
5052215035
5052233475
5052240411
5052607167
5052643558
5052643582
5052655818
5052656298
5052656893
5052672396
5052696833
5052709092
5052709121
5052717693
5052717755
5052727608
5052736299
5052774402
5052789358
5052790226
5052790250
5052797416
5052797440
5052798363
5052799177
5052817294
5052817323
5052830809
5052831791
5052831815
5052831838
5052832743
5052832785
5052840325
5052841340
5052841399
5052841423
5052851776
5052850145
5052850172
5052851201
5052852203
5052859553
5052860655
5052882143
5052890549
5052898886
5052899072
5052918516
5052919792
5052919815
5052919955
5052922530
5052922562
5052940649
5052940674
5052955316
5052955840
5052964546
5052965589
5052965618
5052965642
5052965666
5052974033
5052974057
5052982068
5052982094
5052984014
5052998863
5053006511
5053007705
5053008821
5053008844
5053026782
5053047770
5053047506
5053047854
5053065308
5053091493
5053118510
5053411972
5053417570
5053420063
5053426342
5053429344
5053444144
5053459265
5053467318
5053468065
5053468606
5053475100
5053475127
5053483765
5053483791
5053491034
5053491059
5053491940
5053491963
5053518243
5053523916
5053529721
5053539508
5053539177
5053539201
5053549365
5053562507
5053612415
5053612439
5053614004
5053614035
5053621225
5053622932
5053632268
5053632098
5053641135
5053647434
5053656626
5053656650
5053656674
5053656698
5053664307
5053664331
5053665654
5053665677
5053665702
5053667484
5053666911
5053675399
5053675423
5053691488
5053697886
5053697910
5053699675
5053699701
5053706982
5053717422
5053717447
5053725385
5053733336
5053740077
5053747603
5053747627
5053757540
5053764322
5053794419
5053821132
5053829471
5053836403
5053842154
5054200325
5054251551
5054280856
5054281534
5054288641
5054289241
5054292689
5054297999
5054300872
5054321037
5054323367
5054341753
5054363565
5054373011
5054381598
5054387395
5054410491
5054430036
5054444486
5054445521
5054462699
5054474970
5054475781
5054475805
5054501920
5054507738
5054517930
5054517955
5054533251
5054535207
5054535231
5054541571
5054555628
5054564871
5054574054
5054574713
5054574737
5054575496
5054582605
5054596303
5054604442
5054618532
5054637165
5054645138
5055033659
5055077848
5055084437
5055090291
5055090317
5055100074
5055100099
5055107630
5055109212
5055129216
5055129963
5055137928
5055130805
5055138882
5055139865
5055148269
5055149171
5055163999
5055164023
5055172948
5055198526
5055199189
5055255227
5055253970
5055271923
5055296178
5055303567
5055303605
5055304541
5055325004
5055325029
5055326179
5055327266
5055327290
5055364595
5055358153
5055365860
5055365883
5055373283
5055379836
5055388093
5055396221
5055419436
5055459352
5055484577
5055849866
5055849890
5055850245
5055893552
5055915775
5055924005
5055924059
5055937626
5055937651
5055937674
5055945240
5055956222
5055985528
5056005682
5056007560
5056016694
5056037397
5056045588
5056086442
5056095574
5056127787
5056127814
5056127838
5056148211
5056159871
5056168508
5056203075
5056203751
5056212166
5056212957
5056232805
5056275981
5056296531
5056681934
5056726620
5056752045
5056759479
5056759991
5056767073
5056825817
5056831030
5056831054
5056832881
5056843544
5056850988
5056858842
5056941514
5056948294
5056948351
5056948415
5056972556
5056985971
5056986367
5056992920
5056992944
5056993019
5057004370
5057018589
5057036331
5057439350
5057439540
5057469843
5057603504
5057663469
5057687019
5057693698
5057710517
5057716985
5058103853
5058103878
5058103902
5058131014
5058138109
5058138907
5058138949
5058147722
5058153748
5058159971
5058159995
5058160019
5058161172
5058162664
5058162694
5058169922
5058169945
5058172431
5058189861
5058203200
5058204584
5058211507
5058220230
5058229537
5058241190
5058241217
5058241916
5058251573
5058256298
5058256359
5058266648
5058274860
5058292621
5058320328
5058322970
5058344455
5058344972
5058374553
5058375554
5058384890
5058384918
5058398491
5058399273
5058406491
5058409040
5058409070
5058417733
5058428154
5058428207
5058439471
5058442360
5058451663
5058459439
5058459463
5058469380
5058481615
5058482647
5058491073
5058498843
5058505751
5058506247
5058506915
5058506939
5058518797
5058526372
5058526812
5058532893
5058573758
5058963541
5058970327
5058981963
5058998448
5058999206
5059007639
5059007663
5059029381
5059030566
5059037554
5059037577
5059038377
5059039274
5059047424
5059060162
5059088147
5059103683
5059103705
5059118407
5059126577
5059129361
5059158958
5059165699
5059165911
5059166807
5059166832
5059173780
5059181570
5059202869
5059204281
5059236706
5059236732
5059248348
5059248376
5059248401
5059248425
5059248449
5059255492
5059258204
5059265127
5059265150
5059267106
5059267130
5059268898
5059268921
5059281130
5059283492
5059283738
5059293849
5059301430
5059302551
5059310644
5059310873
5059331241
5059332131
5059332710
5059339109
5059399562
5059406251
5059419761
5059786265
5059821070
5059831556
5059832201
5059839091
5059875579
5059876477
5059876501
5059884040
5059884064
5059891759
5059906836
5059907941
5059915163
5059915188
5059915212
5059923079
5059923110
5059931508
5059932698
5059932722
5059946922
5059947790
5059947018
5059957667
5059969016
5059967844
5059973196
5060003308
5060009455
5060036384
5060038136
5060063280
5060076380
5060086516
5060088728
5060096583
5060097697
5060104805
5060127186
5060136901
5060146352
5060167043
5060180041
5060180949
5060192578
5060208702
5060226916
5060226940
5060227021
5060233618
5060247726
5060259478
5060259502
5060265711
5060272302
5060279499
5060613972
5060621537
5060639945
5060670133
5060670160
5060677069
5060692206
5060705853
5060705968
5060708818
5060709017
5060764058
5060768075
5060784308
5060796316
5060797059
5060821310
5060832814
5060834290
5060834314
5060850689
5060852913
5060860856
5060876182
5060876208
5060876963
5060876986
5060877010
5060884993
5060896104
5060903292
5060904866
5060905886
5060918263
5060918287
5060933817
5060935072
5060967846
5060968794
5060985816
5060992402
5061010667
5061011158
5061043862
5061044040
5061050393
5061050417
5061067964
5061073362
5061079645
5061415737
5061459777
5061467542
5061468343
5061481877
5061481919
5061487763
5061496736
5061496764
5061498868
5061530053
5061514342
5061521724
5061527601
5061527625
5061529351
5061536159
5061537926
5061549180
5061556174
5061562433
5061580278
5061594034
5061593981
5061601871
5061607423
5061613990
5061621685
5061630075
5061631083
5061651057
5061655972
5061658221
5061682177
5061690799
5061702565
5061730173
5061737833
5061752541
5061763058
5061764242
5061776918
5061776942
5061785131
5061785155
5061801200
5062269339
5062275213
5062300394
5062300838
5062306317
5062313342
5062319649
5062319673
5062338262
5062338925
5062363870
5062370037
5062384524
5062385202
5062417111
5062428580
5062458971
5062459188
5062459212
5062464669
5062471098
5062471222
5062494569
5062501304
5062519999
5062590326
5062989982
5063001808
5063008378
5063037920
5063037943
5063055003
5063055183
5063067735
5063067853
5063091043
5063108652
5063171913
5063200654
5063230028
5063236219
5063254501
5063254525
5063640233
5063647761
5063661083
5063672151
5063673098
5063679847
5063680688
5063691007
5063691430
5063697741
5063698072
5063698844
5063705663
5063711291
5063720280
5063739742
5063861549
5063867399
5063867423
5063867447
5063874593
5063876210
5063876238
5063890086
5063890109
5063897066
5063897090
5063927293
5063927317
5063928058
5063928630
5063941195
5063942000
5063948094
5063948118
5063967233
5063981085
5063981116
5063981141
5063986767
5063986792
5063986816
5063988645
5063995830
5063996595
5063996619
5063997878
5064009856
5064010587
5064010613
5064010638
5064024990
5064025906
5064032088
5064032117
5064033589
5064042814
5064042838
5064044925
5064044949
5064053313
5064053354
5064068846
5064068870
5064076746
5064085443
5064092562
5064104755
5064105298
5064124303
5064154166
5064183145
5064533529
5064534553
5064546723
5064554244
5064572434
5064579952
5064579978
5064586669
5064593485
5064600922
5064600948
5064600972
5064601638
5064602133
5064629063
5064635999
5064636024
5064647630
5064643151
5064649622
5064649843
5064657738
5064658891
5064659606
5064667610
5064672404
5064675755
5064682437
5064682822
5064688901
5064688753
5064690125
5064697288
5064691168
5064697595
5064705432
5064705457
5064705711
5064731512
5064754264
5064767436
5064782804
5064835083
5064855761
5064855785
5064862639
5064860356
5064872309
5064875625
5064875649
5064889117
5064916519
5064918822
5064918879
5064927066
5064938577
5064967932
5064967956
5064968606
5064974664
5064975692
5064988545
5064988675
5064988698
5064988722
5064994903
5065016415
5065023041
5065489510
5065633825
5065649160
5065649752
5065658885
5065667113
5065680458
5065680482
5065681839
5065681863
5065689062
5065691127
5065697519
5065699640
5065706287
5065714564
5065714587
5065722881
5065730852
5065732806
5065740842
5065742626
5065762069
5065762105
5065778942
5065786370
5065811782
5065832387
5065833134
5065862849
5065864058
5065871421
5065871964
5065873048
5065889501
5065893420
5065899734
5065899757
5065900533
5065900560
5065900584
5065912489
5065912525
5065920665
5065937649
5065946474
5065947835
5065955847
5065957451
5065965564
5065966864
5065966506
5065967878
5065981546
5065982080
5065987778
5065989254
5065996398
5065996422
5065997383
5065997407
5065997431
5066004229
5066004783
5066004807
5066004831
5066018105
5066056177
5066085122
5066469753
5066476606
5066477564
5066500734
5066500806
5066507265
5066521880
5066522045
5066522602
5066523112
5066523136
5066529696
5066530169
5066531401
5066537919
5066544387
5066551281
5066551305
5066559130
5066561558
5066578217
5066584726
5066590379
5066608307
5066616544
5066627961
5066636981
5066644453
5066815774
5066818123
5066824567
5066825043
5066838039
5066838066
5066845353
5066845980
5066891281
5066898484
5066906993
5066913504
5066913559
5066914375
5066915665
5066915701
5066922741
5066922765
5066929434
5066935505
5066955361
5067287386
5067727275
5067812768
5067905607
5068714453
5070062127
5070068521
5070068550
5070068628
5070068652
5070076638
5070084879
5070110623
5070114399
5070136470
5070136786
5070163110
5070173156
5070177929
5070193314
5070199065
5070199203
5070211443
5070233093
5070284388
5070328183
5070336507
5070355170
5070369628
5070414596
5070424348
5070441522
5070441721
5070461034
5070485659
5070497239
5070506761
5070507523
5070507205
5070507241
5070515599
5070543983
5070544007
5070563103
5070571125
5070576810
5070583825
5070602999
5070603023
5070616023
5070616615
5070623022
5070637389
5070702798
5071100342
5071143483
5071170585
5071195632
5071202474
5071207931
5071370203
5071416643
5071429043
5071910472
5071929032
5071939785
5071953437
5071953527
5071985470
5071992183
5071992600
5071992624
5072005377
5072035346
5072045911
5072058595
5072064654
5072117113
5072117145
5072140590
5072175954
5072192897
5072556491
5072575532
5072593766
5072599517
5072615656
5072617541
5072628285
5072628973
5072636449
5072645372
5072645932
5072646340
5072646816
5072646840
5072655538
5072658754
5072668233
5072669490
5072670087
5072677034
5072685929
5072686789
5072687586
5072687611
5072694432
5072695409
5072701533
5072701562
5072725556
5072732815
5072733905
5072733928
5072734859
5072742697
5072743420
5072750324
5072750007
5072756052
5072761797
5072762813
5072762836
5072770883
5072779260
5072779285
5072779311
5072779521
5072892032
5072907676
5072913714
5072915271
5072915650
5072922384
5072922892
5072923567
5072923590
5072931206
5072931230
5072931253
5072946596
5072955147
5072962706
5072962729
5072963696
5072963719
5072964758
5072964782
5072971628
5072971653
5072993957
5072993983
5072994006
5073000982
5073001005
5073001029
5073016635
5073022062
5073027327
5073035021
5073095392
5073433960
5073447443
5073473540
5073497320
5073503222
5073505696
5073505740
5073505763
5073505787
5073512921
5073514505
5073514308
5073515250
5073515274
5073523094
5073523609
5073544940
5073544964
5073546168
5073553000
5073554509
5073569893
5073570874
5073570898
5073576757
5073576783
5073652569
5073625359
5073646360
5073675899
5073675923
5073689590
5073695934
5073707336
5073708449
5073709482
5073714987
5073716772
5073723865
5073844029
5073844761
5074079314
5074113504
5074113532
5074115692
5074124254
5074130997
5074132065
5074143681
5074144273
5074150759
5074152925
5074153503
5074162014
5074206773
5074213626
5074231532
5074261076
5074266705
5074642229
5074650733
5074650757
5074671834
5074681633
5074700601
5074700625
5074700649
5074700673
5074703293
5074724198
5074725044
5074733124
5074742888
5074742914
5074773011
5074779922
5074788924
5074796963
5074796987
5074809105
5074809961
5074818126
5074818202
5074818230
5074833028
5074857204
5074856661
5074857547
5074864790
5074864814
5074864838
5074865931
5074875186
5074887853
5074914634
5074915609
5074921828
5074921852
5074928186
5074937243
5074948178
5074955633
5074956332
5074967618
5074969277
5074992248
5075053506
5075401206
5075412084
5075427561
5075447240
5075465431
5075471917
5075484658
5075492986
5075509093
5075509116
5075509140
5075522190
5075530388
5075540079
5075542942
5075542966
5075550500
5075550525
5075551648
5075585592
5075585637
5075585685
5075598063
5075604921
5075605830
5075605777
5075606883
5075621369
5075621394
5075661519
5075666397
5075698783
5075698031
5075698066
5075713137
5075714383
5075715729
5075728462
5075744246
5075775892
5075775932
5075776867
5075785815
5075787212
5075808650
5075816122
5075823104
5075823128
5075829644
5075844593
5075851713
5075876761
5075895843
5075919167
5076251230
5076251729
5076258026
5076258830
5076265895
5076272985
5076288158
5076294999
5076296313
5076303806
5076305100
5076311858
5076312821
5076312844
5076313236
5076326164
5076333409
5076334871
5076342816
5076343147
5076343604
5076343618
5076364558
5076364586
5076364609
5076365611
5076366650
5076374568
5076392963
5076394709
5076406485
5076423253
5076431376
5076437701
5076446966
5076454248
5076466133
5076481233
5076503671
5076506730
5076506754
5076514754
5076515799
5076525822
5076540071
5076548374
5076549586
5076550548
5076550573
5076580982
5076582648
5076599433
5076599457
5076600592
5076601246
5076609529
5076609796
5076640270
5076707997
5076739129
5077120453
5077139231
5077152360
5077170684
5077224088
5077321336
5077352366
5077363785
5077369512
5077888562
5077893874
5077928579
5077965385
5077989011
5078013177
5078030614
5078042531
5078042742
5078048973
5078085577
5078109171
5078109194
5078133385
5078502836
5078503050
5078516504
5078523322
5078544991
5078562106
5078575482
5078582456
5078583125
5078590980
5078594192
5078603176
5078610075
5078610113
5078611365
5078611523
5078612374
5078619880
5078619618
5078619642
5078625957
5078625997
5078627187
5078634337
5078634361
5078644047
5078653052
5078646108
5078646141
5078646428
5078653442
5078706688
5078719096
5078726509
5078741353
5078742978
5078750424
5078750448
5078750471
5078757600
5078773911
5078773916
5078775428
5078784206
5078784232
5078798057
5078799034
5078806947
5078806973
5078807261
5078814286
5078816417
5078816441
5078817931
5078830690
5078830714
5078844759
5078860369
5078862312
5078862060
5078862084
5078862785
5078862809
5078862832
5078870077
5078878519
5078892601
5078906802
5078931622
5078938426
5078964078
5078978249
5078990562
5078996068
5079340215
5079346992
5079369547
5079375695
5079375916
5079404337
5079404363
5079417135
5079417159
5079417182
5079433529
5079434692
5079449601
5079456702
5079466971
5079467002
5079473139
5079473165
5079475042
5079475068
5079509027
5079509075
5079517670
5079517694
5079517718
5079517741
5079517765
5079524319
5079526936
5079534418
5079535090
5079542077
5079555289
5079556177
5079556202
5079556226
5079566626
5079574632
5079577803
5079585123
5079593276
5079591392
5079593364
5079600634
5079600657
5079607307
5079608996
5079609537
5079609561
5079616332
5079616312
5079617447
5079632827
5079633121
5079640757
5079641636
5079650360
5079650384
5079657743
5079659119
5079674042
5079682810
5079690005
5079690114
5079713069
5079713093
5079720186
5079727519
5079742189
5079753260
5079797868
5080153101
5080153882
5080159500
5080194886
5080202960
5080203282
5080204157
5080204160
5080211279
5080211846
5080224256
5080224696
5080225351
5080231087
5080232539
5080239609
5080239633
5080239653
5080241845
5080248364
5080248388
5080256958
5080263172
5080272390
5080284487
5080299401
5080345961
5080346426
5080347108
5080359348
5080365817
5080422375
5080422136
5080424031
5080423761
5080436364
5080430430
5080436974
5080444673
5080481635
5080482468
5080490721
5080506067
5080514692
5080523596
5080530334
5080537516
5080537540
5080550546
5080560759
5080579705
5080586718
5081124467
5081137324
5081161781
5081190639
5081211531
5081215140
5081235062
5081247220
5081257871
5081257794
5081268444
5081268474
5081304181
5081310875
5081314765
5081331026
5081339244
5081358314
5081360257
5081368041
5081371876
5081383633
5081392328
5081391339
5081409938
5081420499
5081424069
5081437770
5081447240
5081475656
5081501926
5081520691
5081533563
5081538584
5081548598
5081550873
5081550899
5081559802
5081573005
5081585954
5081593678
5081614167
5081619155
5081631270
5081681820
5081692369
5081718477
5082200461
5082259396
5082307874
5082309643
5082309675
5082319910
5082332714
5082342504
5082377170
5082380389
5082388911
5082392150
5082407555
5082401148
5082401975
5082428284
5082430917
5082447056
5082455404
5082490632
5082502057
5082502089
5082536545
5082546252
5082580534
5082602096
5082611867
5082618661
5082618687
5082640056
5082640081
5082650254
5082650278
5082651356
5082653331
5082668099
5082674286
5082677502
5082677530
5082677554
5082684464
5082685430
5082686987
5082708903
5082716031
5082732322
5082733437
5082733460
5082733484
5082794670
5083202614
5083234024
5083273115
5083273138
5083300893
5083319940
5083333257
5083370490
5083384425
5083435097
5083434918
5083441600
5083471692
5083507208
5084135718
5084175947
5084188191
5084188345
5084211827
5084211850
5084243947
5084244106
5084601282
5084612637
5084621545
5084636054
5084636086
5084648880
5084649401
5084655944
5084665290
5084665534
5084666174
5084712068
5084719028
5084719052
5084719076
5084740654
5084740681
5084748979
5084749003
5084764415
5084773763
5084774613
5084781117
5084781140
5084782586
5084795897
5084795926
5084802758
5084811595
5084812120
5084812201
5084813157
5084820460
5084820930
5084822053
5084841835
5084835577
5084844479
5084844503
5084851594
5084851618
5084851642
5084860310
5084860907
5084887436
5084894767
5084895694
5084924675
5084925631
5084933369
5084934445
5084935890
5084935914
5084935938
5084953145
5084956153
5084954839
5084954864
5084969939
5084971102
5084989456
5085001009
5085014749
5085022369
5085023088
5085030141
5085032558
5085032623
5085048735
5085067987
5085075743
5085093263
5085099396
5085105472
5085105579
5085116399
5085116598
5085122660
5085483931
5085514030
5085522362
5085530992
5085536863
5085583962
5085583986
5085586830
5085593631
5085593655
5085594402
5085594673
5085603224
5085603367
5085604549
5085616663
5085627677
5085635640
5085644285
5085644308
5085657632
5085665087
5085692339
5085692308
5085702349
5085703178
5085719109
5085725346
5085741195
5085752200
5085752539
5085776511
5085776535
5085783203
5085784582
5085786121
5085785754
5085793940
5085793964
5085802755
5085823474
5085823498
5085824557
5085839863
5085871613
5086274564
5086296410
5086310028
5086384964
5086459030
5086459963
5086477697
5086490964
5086490988
5086491690
5086499277
5086499813
5086506626
5086508289
5086508940
5086529121
5086529191
5086530619
5086538961
5086539181
5086542194
5086586308
5086610225
5086619942
5086622534
5086630537
5086639360
5086640201
5086640282
5086662378
5086702345
5086702372
5086728521
5086735925
5086793279
5087234353
5087258594
5087277050
5087293862
5087324199
5087408748
5087439057
5088065823
5088072115
5088090771
5088103695
5088110839
5088188292
5088212063
5088224009
5088241568
5088660337
5088666810
5088666950
5088667201
5088678771
5088678795
5088679593
5088763900
5088775778
5088776122
5088782371
5088899315
5088904683
5088911392
5088917972
5088941243
5089336288
5089342577
5089366695
5089366723
5089412488
5089412864
5089424133
5089460307
5089466565
5089495961
5089496182
5089502228
5089519293
5089519593
5089526080
5089587411
5089587991
5089610719
5089610743
5089616948
5089641430
5089659890
5089670490
5090009630
5090010092
5090032700
5090045590
5090053239
5090053895
5090054830
5090054859
5090061973
5090062745
5090063837
5090071722
5090083828
5090085017
5090103418
5090110498
5090152811
5090152836
5090167383
5090178329
5090178355
5090178378
5090179759
5090200254
5090204147
5090207511
5090207534
5090219750
5090220576
5090239046
5090249945
5090249969
5090257437
5090264867
5090264906
5090269006
5090280180
5090285848
5090294256
5090295332
5090320612
5090324721
5090325154
5090329624
5090331270
5090340679
5090341940
5090348489
5090357534
5090357560
5090377514
5090385489
5090385515
5090394652
5090394675
5090396393
5090408801
5090408843
5090409599
5090415726
5090418448
5090427186
5090433875
5090441294
5090447337
5090852582
5090876326
5090883382
5090890095
5090904289
5090920171
5090930411
5090932945
5090946566
5090948451
5090957549
5090976317
5090991917
5090992752
5090993993
5091053109
5091066709
5091076101
5091080031
5091103218
5091103242
5091111915
5091111939
5091120171
5091122455
5091145822
5091158322
5091157501
5091164593
5091164619
5091166192
5091173872
5091174830
5091199299
5091205850
5091207832
5091218301
5091220172
5091220215
5091228142
5091237167
5091237092
5091237116
5091238155
5091248621
5091255701
5091258904
5091287961
5091288032
5091355403
5091368384
5091369080
5091375394
5091381721
5091836241
5091857907
5091865312
5091865903
5091875546
5091876591
5092046651
5092053733
5092057084
5092076300
5092084036
5092089932
5092101386
5092162342
5092164509
5092208564
5092249587
5092251998
5092266918
5092267142
5092323589
5092337897
5092348919
5092367433
5092370238
5092395227
5092398196
5092410709
5092420253
5092492984
5093104054
5093124335
5093131936
5093132428
5093134812
5093142285
5093142430
5093144043
5093146978
5093146365
5093157115
5093158088
5093186843
5093219911
5093229141
5093230095
5093239841
5093260875
5093260903
5093264015
5093263502
5093396207
5093425055
5093425082
5093430767
5093438164
5093475860
5093484579
5093484617
5093484641
5093486484
5093493990
5093515652
5093516779
5093517955
5093521478
5093521767
5093528142
5093535324
5093537474
5093545876
5093929570
5093930976
5094418510
5094418589
5094432573
5094483931
5094516769
5094584290
5094612390
5094612604
5094719785
5094719903
5094744545
5094754704
5094754806
5094776372
5094789823
5094858632
5094889480
5094930021
5094965227
5095024021
5095078189
5095078659
5095153570
5096690577
5096722593
5096745915
5096801572
5096870394
5096889271
5096956272
5096978418
5097013854
5097014553
5097041473
5097061586
5097062136
5097062512
5097062540
5097081607
5097083018
5097104067
5097110485
5097110510
5097111024
5097138488
5097138518
5097139524
5097139619
5097145749
5097156296
5097157564
5097165118
5097173054
5097186419
5097205463
5097222997
5097237869
5097238399
5097261359
5097267346
5097287509
5097343946
5097778066
5097778359
5097784739
5097785376
5097792442
5097798036
5097866599
5097872872
5097879621
5097918482
5097936483
5097950911
5097955830
5098022163
5098045366
5098571410
5098577570
5098577654
5098594860
5098595231
5098624605
5098624656
5098649266
5098661534
5098668986
5098669698
5098710301
5098746138
5098764676
5098804130
5098816823
5098833831
5098834074
5098839634
5099188193
5099188583
5099206236
5099236442
5099248893
5099248917
5099250136
5099255824
5099256244
5099271527
5099278936
5099285472
5099285508
5099292222
5099292246
5099301365
5099309237
5099310446
5099310470
5099311504
5099311533
5099318191
5099332352
5099333448
5099341350
5099343086
5099351497
5099358782
5099370629
5099379773
5099379797
5099379821
5099379845
5099386223
5099420220
5099420253
5099420276
5099426477
5099433129
5099441055
5099448648
5099448677
5099456899
5099466303
5099472988
5099482764
5099482789
5099482812
5099490341
5099497969
5099510434
5099552022
5099594549
5099742774
5100089949
5100145434
5100213877
5100229405
5100229428
5100247025
5100249055
5100249100
5100256121
5100268885
5100291976
5100290607
5100312178
5100315825
5100325617
5100339933
5100340298
5100340358
5100340385
5100346946
5100347291
5100347895
5100355347
5100355371
5100374007
5100387629
5100387654
5100394729
5100416770
5100421800
5100441246
5100462521
5100468603
5100483829
5100489461
5100503377
5100503601
5100545441
5100556265
5101132524
5101179487
5101179511
5101192906
5101199195
5101216274
5101228531
5101252129
5101690387
5101727484
5101734700
5101735680
5101764421
5101764447
5101775223
5101795018
5101804719
5101804746
5101814453
5101815243
5101815267
5101815824
5101816206
5101816229
5101823277
5101840190
5101850440
5101855747
5101865281
5101865307
5101874729
5101887588
5101888460
5101895850
5101903521
5101924111
5101954781
5101957071
5101965215
5101967970
5101968031
5101982301
5101982324
5101982348
5101983977
5101995834
5101997761
5102037801
5102044625
5102071193
5102071599
5102083475
5102149364
5102506082
5102556716
5102564882
5102566884
5102572361
5102585926
5102604250
5102617897
5102618558
5102618739
5102618762
5102635982
5102637179
5102665636
5102673874
5102673898
5102674715
5102674740
5102675703
5102701025
5102708841
5102717104
5102717129
5102725691
5102732311
5102769864
5102769968
5102771274
5102784324
5102784348
5102785625
5102786648
5102802692
5102802717
5102812542
5102824968
5102826495
5102855658
5102855684
5102877424
5102904093
5102911521
5102936154
5103615053
5103664021
5103671543
5103758689
5103766568
5103827312
5103896736
5103927610
5103987774
5104700025
5104712376
5104712623
5104729265
5104808805
5104808829
5104819626
5104862259
5104862283
5104926454
5105311576
5105341769
5105349366
5105349396
5105377274
5105377298
5105380238
5105388020
5105400593
5105411419
5105412265
5105412289
5105420667
5105421036
5105421063
5105442885
5105445903
5105445963
5105453335
5105453862
5105454904
5105462883
5105463846
5105472047
5105472340
5105483258
5105484728
5105484752
5105500286
5105507751
5105507775
5105520224
5105528716
5105535765
5105535815
5105544490
5105544514
5105566915
5105575614
5105575677
5105585204
5105599198
5105599431
5105600264
5105609095
5105608374
5105608398
5105617314
5105642385
5105651293
5105651627
5105678590
5105685315
5105685595
5105698302
5105698326
5105749036
5106133194
5106133117
5106157762
5106178473
5106186512
5106196323
5106196356
5106197859
5106204975
5106210773
5106219705
5106227060
5106229300
5106237231
5106237258
5106238576
5106245963
5106259530
5106277684
5106278461
5106278511
5106279532
5106286564
5106301833
5106302863
5106312091
5106312787
5106312811
5106319438
5106319467
5106329326
5106329350
5106341212
5106366464
5106381138
5106382567
5106390242
5106399342
5106411453
5106423585
5106424482
5106435254
5106444911
5106469473
5106470897
5106478941
5106484897
5106494270
5106507149
5106514736
5106557880
5106945038
5106966880
5106966904
5106988730
5106989243
5107001564
5107002384
5107009754
5107017553
5107017809
5107017833
5107018798
5107020529
5107020724
5107045111
5107053862
5107054948
5107062153
5107064960
5107085582
5107087127
5107095044
5107102318
5107102345
5107112912
5107126772
5107161205
5107170828
5107170852
5107185325
5107193864
5107200486
5107200306
5107201212
5107262509
5107262533
5107263979
5107280792
5107281650
5107311130
5107312717
5107321636
5107382523
5107389540
5107389681
5107415547
5107429194
5107441225
5107783361
5107800484
5107801286
5107801311
5107816088
5107816172
5107824277
5107835820
5107845570
5107845594
5107846634
5107846700
5107855464
5107862910
5107877375
5107877399
5107877423
5107886932
5107888276
5107889963
5107899002
5107899757
5107908138
5107919175
5107919792
5107920396
5107928525
5107936221
5107956027
5107962708
5107973379
5107994166
5107995673
5108010588
5108011319
5108011978
5108032914
5108042111
5108049694
5108050940
5108050971
5108059957
5108074164
5108082756
5108096339
5108089991
5108097269
5108097350
5108097383
5108109660
5108116136
5108116269
5108133235
5108144260
5108157305
5108181836
5108562597
5108571461
5108572706
5108579630
5108592284
5108609242
5108609267
5108609291
5108636730
5108635560
5108651426
5108651231
5108652991
5108659602
5108660451
5108660207
5108660235
5108668790
5108669632
5108676351
5108678259
5108690298
5108691101
5108715796
5108723419
5108736386
5108752433
5108782306
5108782330
5108789821
5108790435
5108798762
5108804813
5108812175
5108813470
5108820661
5108832214
5108840278
5108846272
5108852231
5108861294
5108862666
5108882141
5108897624
5108933983
5108934441
5108998383
5109469149
5109477472
5109483758
5109510168
5109510480
5109569885
5109576250
5109576715
5109584081
5109617498
5109636155
5109656816
5109657003
5109669078
5109669102
5109675505
5109696106
5109707807
5109714514
5109721388
5109727533
5110161847
5110162009
5110181163
5110188103
5110244905
5110275772
5110275795
5110288768
5110306893
5110307244
5110338905
5110352052
5110358228
5110413716
5110425884
5110467551
5110479934
5110860663
5110882243
5110888993
5110896866
5110911127
5110918466
5110918517
5110918542
5110919313
5110927740
5110927764
5110937690
5110960909
5110960936
5110977128
5110998422
5110998949
5110998975
5111005398
5111005421
5111005445
5111006070
5111013666
5111013690
5111014057
5111014080
5111021023
5111021048
5111027034
5111052463
5111056480
5111062699
5111068613
5111077649
5111085212
5111094296
5111094698
5111102720
5111108031
5111116365
5111117341
5111127820
5111135052
5111150724
5111157991
5111166464
5111192874
5111260147
5111653420
5111653444
5111670003
5111692175
5111692267
5111701980
5111703838
5111712253
5111712741
5111717430
5111718407
5111729716
5111762986
5111748130
5111763214
5111772009
5111770490
5111777762
5111786405
5111794614
5111800468
5111815472
5111815502
5111836340
5111851467
5111852708
5111859166
5111873204
5111873239
5111880464
5111894967
5111895587
5111895611
5111896342
5111896366
5111897106
5111897131
5111918081
5111927384
5111934467
5111937604
5111938080
5111950923
5111966911
5111973797
5111973821
5111974295
5111974678
5111986577
5111988107
5111987560
5112001382
5112004145
5112053002
5112436009
5112502167
5112503073
5112503104
5112507614
5112517216
5112533853
5112535075
5112539743
5112555180
5112561074
5112565706
5112585548
5112590401
5112604676
5112610351
5112620450
5112629018
5112639986
5112648472
5112661056
5112662179
5112662203
5112663115
5112678921
5112678951
5112689147
5112695131
5112695155
5112702024
5112702047
5112702071
5112702095
5112711884
5112728388
5112728678
5112729177
5112735447
5112741354
5112741378
5112746863
5112747568
5112756671
5112765417
5112765446
5112766195
5112787780
5112794628
5112794652
5112803909
5112817423
5112818877
5112825703
5112827730
5112837326
5112843989
5112884892
5112890391
5112891046
5112898749
5112898774
5112898798
5112899310
5112926136
5112947535
5112953285
5112972093
5112972119
5112972446
5112972618
5112996854
5113377047
5113383872
5113392956
5113407187
5113413955
5113415682
5113423184
5113424666
5113437480
5113439020
5113445085
5113445109
5113448615
5113457479
5113456804
5113466642
5113479413
5113480287
5113485980
5113488244
5113488271
5113495958
5113495982
5113496886
5113507224
5113526891
5113541882
5113559939
5113568217
5113579494
5113590303
5113594315
5113600043
5113600067
5113602050
5113602075
5113609507
5113617026
5113640044
5113640068
5113648069
5113671302
5113672254
5113685280
5113685304
5113686244
5113712592
5113766709
5113778303
5114125455
5114179559
5114186173
5114222054
5114234889
5114252018
5114259522
5114261287
5114261356
5114279151
5114284106
5114291555
5114292248
5114292272
5114298163
5114298187
5114306908
5114320832
5114320789
5114342604
5114351362
5114366348
5114381291
5114390464
5114390488
5114398148
5114399932
5114408666
5114417357
5114423532
5114425845
5114435444
5114442329
5114442355
5114444221
5114473257
5114497842
5114538390
5114977042
5114983968
5114989310
5114995167
5115002374
5115027675
5115071521
5115089259
5115095706
5115102124
5115102266
5115167663
5115186587
5115215699
5115244766
5115676784
5115706795
5115713027
5115768439
5115774770
5115802969
5115809283
5115810513
5115845987
5115856549
5115863376
5115875823
5115899005
5115916564
5115946390
5115952750
5116333469
5116333907
5116359627
5116367257
5116368504
5116368739
5116368765
5116381316
5116387364
5116411002
5116420128
5116433278
5116442934
5116450686
5116450709
5116459859
5116460564
5116460598
5116460622
5116468767
5116474721
5116475482
5116475508
5116483666
5116483691
5116506554
5116512700
5116512726
5116512844
5116513059
5116519925
5116519666
5116526292
5116541686
5116554236
5116555110
5116555628
5116562735
5116563871
5116573017
5116573041
5116573065
5116573089
5116595362
5116595389
5116612855
5116612879
5116620929
5116620955
5116627622
5116629185
5116658778
5116665587
5116665613
5116672045
5116672338
5116687980
5116703303
5116725089
5116743648
5116784642
5117138302
5117145998
5117166933
5117189094
5117190191
5117190215
5117206067
5117206680
5117216797
5117223526
5117229930
5117231078
5117237014
5117237039
5117266459
5117281286
5117302119
5117355770
5117356829
5117377805
5117394976
5117395813
5117402103
5117424332
5117464826
5117464855
5117473325
5117473349
5117501846
5117519803
5117537071
5117552328
5117611989
5117628839
5117628877
5117628909
5117650508
5117699903
5117724203
5117724247
5117730285
5117733194
5117739403
5117740615
5117747606
5117747630
5117748147
5117762517
5117769045
5117776516
5118213686
5118220950
5118222955
5118230224
5118230250
5118237572
5118238009
5118246489
5118252454
5118253844
5118271123
5118271374
5118277976
5118296046
5118296073
5118296097
5118304806
5118341280
5118349427
5118360689
5118360709
5118364928
5118371215
5118376958
5118401700
5118407507
5118421276
5118421900
5118421971
5118429905
5118429795
5118430937
5118431539
5118431803
5118438753
5118438757
5118445847
5118439366
5118445703
5118451878
5118451915
5118470157
5118501747
5118509744
5118509772
5118518272
5118539079
5118558489
5118558509
5118585359
5118595129
5118623418
5118648356
5118687010
5119062193
5119068202
5119075839
5119082506
5119092687
5119093028
5119151297
5119179944
5119188342
5119196665
5119205144
5119205555
5119205579
5119206233
5119212671
5119219038
5119229223
5119238293
5119238952
5119247251
5119253176
5119259577
5119269068
5119272537
5119281155
5119307519
5119313798
5119321914
5119366861
5119383568
5119392225
5119418488
5119425592
5119426251
5119434913
5119442028
5119452612
5119452638
5119467877
5119468985
5119484758
5119498186
5119498210
5119512435
5119513109
5119513207
5119528449
5119539431
5119546875
5119553733
5119952597
5119980406
5119988323
5119996121
5119996881
5119996906
5120029285
5120039035
5120040395
5120048812
5120073328
5120083255
5120083280
5120086167
5120116281
5120116305
5120116329
5120117329
5120117819
5120126338
5120127082
5120136754
5120141400
5120152496
5120162521
5120170273
5120171301
5120177747
5120186688
5120207930
5120216968
5120239202
5120250648
5120250676
5120260556
5120275564
5120284742
5120284767
5120300810
5120304358
5120334526
5120341088
5120361417
5120928115
5121212490
5121424718
5121424966
5121439953
5121517066
5121607562
5121607768
5122237772
5122244045
5123145431
5123175296
5123278141
5124078094
5124242226
5124635384
5124716160
5124823479
5124877201
5125262115
5125853674
5125863213
5125871666
5125871689
5125896080
5125909492
5125917358
5125917382
5125926572
5125926599
5125928180
5125928205
5125928231
5125936425
5125954150
5125961274
5125970178
5125969757
5125970603
5125971465
5125971490
5126010725
5126010035
5126012993
5126013017
5126019829
5126019853
5126020653
5126029016
5126029045
5126053208
5126060778
5126061135
5126076262
5126089489
5126090679
5126090705
5126098575
5126099366
5126106179
5126114218
5126115427
5126115453
5126129023
5126137376
5126137405
5126146203
5126146959
5126154970
5126167024
5126167488
5126167529
5126167869
5126167893
5126167917
5126175055
5126175151
5126191051
5126191137
5126194952
5126195878
5126195905
5126195929
5126196431
5126208118
5126210321
5126223139
5126229783
5126230416
5126238382
5126260240
5126268901
5126269544
5126276789
5126289953
5126295549
5126308904
5126315358
5126326196
5126351313
