461003639959
461010230585
461000249378
461004514444
461000249497
461004251843
461004216817
461000052951
461002407783
461000363036
461013061096
461002965763
461012949055
461003055051
461002916308
461002916338
461002951781
461004825225
461002653400
461001379908
461001398434
461004504315
461001361757
461004359289
461004359334
461004343726
461002637893
461002657048
461004504214
461004734575
461004823695
461004769556
461004769567
461002126461
461002126472
461002115718
461004866225
461014760230
461004616789
461004700535
461004718880
461004718890
461002541888
461002518401
461002505805
461002524424
461002524443
461004894762
461004769025
461004396548
461002690674
461001360440
461001362393
461002673522
461002692120
461001373402
461001374975
461001393627
461004359560
461004523606
461004523652
461004397054
461002636551
461001357045
461011379873
461004790906
461002965719
461003061088
461003061091
461004844104
461000302861
461001525715
461001267831
461001247861
461000330633
461000350735
461000311000
461001258311
461001526590
461001264668
461001264687
461000330653
461000350737
461001256163
461003678559
461001249535
461001276529
461001349774
461001349795
461001349735
461001349762
461001365210
461001230900
461001249545
461003237165
461003237185
461001525727
461001491120
461011081201
461001081236
461011267811
461011247836
461001247858
461001228036
461001263531
461001264683
461011211146
461001211235
461000350739
461000350741
461003238551
461001497812
461001071770
461010648495
461000628437
461003637209
461003677351
461003631325
461004790956
461003112374
461004613508
461000053906
461000055705
461000297882
461000297901
461002392053
461000327320
461000346125
461004613516
461004846609
461000055684
461000055688
461002086246
461002098961
461004661909
461002115911
461004876755
461002493126
461002525329
461002489834
461004679926
461004876146
461002678628
461002508480
461002494708
461002530243
461002638865
461002694561
461002670854
461001351906
461004376947
461002675390
461002675483
461001671932
461001671948
461001671995
461001671925
461001671939
461014522501
461002670548
461002691830
461001637679
461004522559
461002069544
461004625219
461004805026
461002117931
461002082444
461002082530
461004822601
461004822549
461003677202
461003623465
461004711057
461003493803
461003493809
461013493857
461003670938
461004086797
461003388387
461003388433
461003388434
461001536423
461011531380
461010629708
461001258230
461001273357
461001228773
461001228838
461001247339
461001247358
461001124497
461010630697
461004532594
461013642137
461001241709
461000312273
461001237594
461001256145
461011273410
461001273431
461001277209
461001247878
461001271157
461003347937
461002793331
461003347923
461013347969
461002832895
461002794669
461002209972
461002230097
461000926754
461000949441
461002206530
461002234006
461000948986
461001089747
461002397287
461002397301
461002231671
461002343776
461000926773
461001120164
461003114267
461003092160
461013060313
461003096891
461004736226
461004664170
461003350527
461002830227
461002776710
461004896358
461003110817
461003110823
461004861060
461004896416
461003905298
461003903027
461003903036
461003926100
461000615133
461004839233
461003930454
461003771260
461002970118
461001818434
461002970273
461012949745
461001779365
461003792798
461003827150
461002802812
461002821415
461002768862
461012804363
461010613114
461010613137
461002927888
461003932732
461003951039
461002095389
461002788826
461002824363
461000654554
461000656900
461002093258
461012804366
461002781498
461000052352
461000022919
461003926090
461003926096
461010612547
461004714852
461004838975
461003948725
461001691524
461012804475
461004252550
461014532263
461004479512
461004532811
461003904417
461003904385
461000636861
461002797217
461002797244
461000052375
461000049200
461003934956
461000671384
461002815858
461002815873
461000052346
461000052374
461000050619
461003916451
461003916467
461003916678
461000304544
461000304548
461000343013
461004668877
461004668587
461000023489
461000020440
461012409289
461002121775
461002097150
461012520365
461004396672
461002670767
461002638814
461001398498
461001361935
461004391070
461002656377
461002674951
461001405567
461014396206
461003078241
461002970481
461004718867
461004754121
461003080512
461003080517
461002964108
461012914213
461002931245
461014668428
461000300597
461002407352
461002407375
461004632726
461000280888
461000280968
461000157604
461000157611
461002626312
461002508438
461002508464
461002543974
461002544006
461002532133
461002548046
461002804965
461002533814
461002533837
461002499815
461002678535
461002514290
461002510599
461004768992
461002689106
461002636845
461002672808
461002690946
461012690978
461001379653
461004378711
461004488909
461004489061
461004524396
461002676819
461002636855
461001395787
461001414307
461001256643
461001412156
461001230988
461000370756
461000370690
461000370767
461001520619
461001267731
461001266361
461001237628
461003637141
461003672864
461003673846
461003621303
461000328434
461000328482
461001276472
461003239918
461003238564
461001090657
461001066872
461001121041
461001516375
461011516381
461010610991
461010630819
461010610946
461004251888
461004482482
461003630337
461000265627
461014083263
461004697416
461004715153
461004679291
461000676458
461000676531
461003115179
461002913323
461004682226
461004844086
461004879556
461013112445
461000308232
461000308203
461004650580
461004739475
461004740449
461004757579
461000297857
461012350458
461000345387
461004829428
461000260965
461000239908
461000239929
461002104899
461002069629
461002062432
461002117909
461002117916
461004822522
461004046632
461004083215
461004083222
461004101506
461002086341
461002080382
461002069436
461002080392
461002115890
461002115936
461004680573
461004716007
461004734600
461004097245
461004697391
461004697394
461004893356
461000615296
461010632630
461010632636
461001256201
461001224863
461000647302
461000492310
461000492376
461003621193
461003621192
461003656380
461003657468
461013241632
461011512806
461001514485
461004248142
461004232468
461004492999
461003527981
461004107579
461004102941
461004049157
461004232896
461013545250
461003527975
461004105019
461003678437
461010610850
461010630732
461004692326
461004710820
461003528018
461004105124
461003677263
461003655474
461003677197
461003623458
461003623517
461002794709
461003381068
461003345494
461002233766
461002233826
461001068037
461001068038
461002231848
461002243749
461000924721
461000924722
461001088825
461002247241
461004067430
461004233857
461004674159
461013493973
461004051390
461004067386
461004067435
461013675120
461003092756
461003057288
461003057329
461004195773
461004800200
461013675150
461003639418
461004067460
461004086973
461004086999
461004251008
461004656637
461004622136
461003656773
461000833382
461000833406
461003092761
461003113335
461003061677
461003362604
461002830219
461002777208
461003381097
461003381112
461001086844
461001086846
461002343480
461002243735
461000943210
461000924735
461001088813
461011932695
461002787708
461002787746
461001655952
461001656954
461001672656
461000634263
461010671095
461010671122
461000263461
461003953049
461003953061
461001691303
461001691309
461001655951
461002807933
461002804427
461000671179
461002945304
461003920511
461003925352
461003942250
461003908416
461013949826
461000655665
461002946391
461000050590
461003935878
461003951045
461010651350
461000050627
461010022941
461000023000
461003916434
461002076644
461003926940
461000633988
461004714866
461003927009
461000615158
461004234080
461004480213
461004534923
461003620554
461010245460
461004256373
461004234851
461004219062
461004532152
461000229833
461000269451
461013923582
461000052304
461003951044
461012804911
461002804964
461000675381
461002815829
461000052390
461000049263
461003951089
461001983866
461000676284
461010612495
461004642009
461004642066
461004677546
461010670706
461010670761
461000615059
461001360333
461001390146
461004394972
461004488972
461004825272
461004842537
461004718943
461004754135
461003074795
461004824198
461004842514
461004844050
461004844052
461004844099
461003074798
461004879610
461004898156
461002411579
461014391312
461002692146
461004342826
461004377923
461004360889
461004883042
461000052891
461000052955
461000052963
461003095387
461013080469
461003080473
461002911949
461002964014
461004682114
461013115129
461003115156
461003115176
461000218118
461004686370
461004613800
461000280899
461000280969
461002407775
461002353467
461000161269
461000161323
461004704348
461002799288
461002799294
461002834756
461000527950
461004050201
461004050228
461002784719
461002962694
461002834634
461000507993
461002126622
461002126582
461004822578
461004822592
461004721614
461004882544
461000243304
461002353292
461004613480
461001263433
461003241695
461003241711
461011514688
461003255806
461003255831
461003202388
461003646280
461003677365
461001220065
461011412050
461001230896
461001230963
461001249604
461001275008
461001275060
461001237489
461001237517
461001237582
461001273088
461001365249
461001382901
461000313891
461000313947
461003637151
461003640629
461003672911
461004696403
461004696424
461004696435
461004785945
461003927195
461003948986
461010632646
461010632698
461012933073
461002637946
461002637957
461001398534
461000297914
461000239848
461000297916
461000297920
461002109811
461002115938
461002062519
461002099242
461002099291
461004769539
461004866240
461000187868
461000126617
461002530151
461004822065
461004840613
461002659617
461001393593
461004523534
461002671878
461002671904
461002671920
461004523920
461002355306
461002372273
461002407736
461002074180
461002091112
461004858073
461004858077
461002091048
461004822587
461004788113
461001275400
461001258592
461001228742
461001253423
461000372225
461001276527
461003391067
461003640589
461003405351
461003352906
461001249465
461000332268
461001222649
461001219944
461001262258
461001262263
461001258321
461001219693
461001256773
461001275377
461001420004
461001228812
461001516321
461001534421
461013221563
461003238524
461001120921
461001120936
461001120966
461001068607
461001068620
461001120782
461001548338
461001069586
461001090465
461001514567
461011549956
461001550030
461003205881
461003391468
461002777161
461003381050
461003381088
461003381113
461002772151
461004107223
461004086931
461004622132
461003526937
461004861375
461003062257
461003062266
461003110801
461002777210
461003402962
461002777228
461002830168
461003362557
461001105574
461002260653
461000943160
461001072932
461001072937
461002264061
461002395676
461002360274
461002378892
461000963184
461000924777
461000818960
461003094648
461003097443
461003097447
461003097459
461013073926
461003073953
461000943148
461000963193
461001086903
461001088796
461000924764
461001120157
461003062832
461013079733
461000776618
461003079762
461003095655
461003971312
461001655933
461002768891
461002768906
461002945321
461000301983
461000225781
461003953872
461003971953
461001655993
461001691487
461002785911
461002945397
461002780887
461000020284
461000050568
461003949881
461000619554
461000619563
461002781491
461003932770
461003951073
461003953334
461003953335
461002059957
461002059961
461002804406
461002804971
461012769507
461000632877
461003944409
461003944423
461000615116
461010612506
461010612507
461001650775
461011686258
461002771766
461002836278
461002800794
461000263465
461000165065
461002935389
461003773401
461013117588
461001813583
461001813592
461001796750
461001799709
461003956455
461003956503
461000249423
461004217829
461004533715
461003641463
461013641466
461000251024
461010230687
461004251851
461004216739
461004479204
461003624889
461003920542
461013920525
461004642792
461003926911
461004839030
461004642062
461013906661
461000656228
461010632450
461010632493
461002804702
461010613131
461000671374
461000672991
461000052392
461000049208
461000022989
461003931375
461001948573
461002802571
461012802584
461000634530
461000634543
461002834603
461000051160
461000051174
461000052859
461002356589
461000633057
461000653131
461002816010
461012818109
461002782680
461004044951
461002102064
461004769522
461002089157
461002109749
461002523100
461000149495
461002522576
461002541209
461002538364
461002678431
461002512636
461002531225
461004822048
461002643043
461002497216
461000358371
461000358418
461000243310
461002353271
461002353353
461004829346
461004632615
461000243348
461000052895
461002356601
461000341217
461004769550
461004788154
461004806446
461002102071
461002067744
461004806460
461004734528
461012106330
461012106376
461002497177
461002548439
461002494739
461004768989
461004805990
461004752583
461004823173
461004823186
461003096406
461003096411
461003059848
461003055043
461012966048
461012947180
461002947315
461002947335
461004842502
461002672748
461002633916
461002633928
461004752544
461002075251
461002075255
461000227308
461003218524
461003202398
461001085444
461003220312
461001071846
461000628511
461000628477
461000648548
461001241749
461011211168
461000350802
461001256335
461001224052
461001116824
461001116825
461001520613
461001231982
461001253538
461001509763
461001359033
461001231973
461001250549
461001495509
461001120940
461011499247
461001495457
461003237203
461000628468
461004219603
461003665593
461003630265
461003665530
461003665532
461004365728
461004362847
461004515991
461003682943
461000228633
461000228657
461000248319
461003640647
461003640681
461001264686
461001211155
461000329878
461000368246
461001247390
461001247409
461001228890
461011211228
461011247796
461001252467
461004644455
461004644480
461002509946
461002508484
461002530269
461002675401
461001376874
461001376890
461002690353
461004523720
461014523756
461004524545
461002637959
461002673474
461001379944
461011399536
461002499837
461000652449
461004893359
461004643478
461000652459
461000652486
461004732985
461003930716
461003912998
461003929501
461000615366
461000374974
461000354918
461000202389
461000222269
461010161948
461001646671
461000374994
461000338214
461000201555
461011646613
461001692673
461001692663
461000345439
461004633375
461004650570
461000279518
461000321283
461000299417
461002353380
461000321327
461000321367
461002082520
461002082535
461004858136
461002088233
461002089163
461002107789
461004099203
461002533957
461002533984
461002552571
461002553436
461004752907
461004877250
461004877258
461004770865
461000366780
461000308299
461001366121
461001263327
461001227906
461001246477
461000372224
461001237451
461001256670
461001220076
461001238024
461001263267
461001263323
461001246543
461001250438
461001250495
461000366796
461003623529
461003673797
461003391497
461003391059
461003642165
461000290237
461000229947
461004515977
461004531951
461003621750
461003640028
461003640087
461000230004
461000249593
461001218797
461001238023
461001247370
461001216242
461001233709
461001237985
461001214986
461001250467
461000529122
461010610829
461000472331
461001219679
461001246512
461000366824
461004861410
461004861425
461004212639
461004889037
461004657057
461004692676
461013526971
461004105192
461004103797
461014746633
461004051181
461004051190
461004051201
461004106069
461000818904
461003059181
461003092119
461003094101
461004879982
461000776572
461003078907
461013114245
461003114265
461002813416
461002813436
461012777979
461002776775
461002813441
461000967113
461000981620
461001122143
461000963178
461001069007
461001125223
461000963236
461000943135
461000943186
461001084780
461002228567
461001103366
461004233251
461004103829
461004194617
461004639067
461000818953
461003073974
461012781127
461012815819
461000024716
461000024741
461000053330
461004856677
461003911991
461010632404
461013944390
461000633967
461003776198
461003117467
461003100593
461001784052
461003771239
461000615065
461000633904
461004731783
461004839194
461000638523
461004625974
461000634354
461000672753
461003953947
461011650902
461002640674
461002670969
461000675054
461002800815
461000203480
461003949640
461011634093
461001634097
461000656621
461002945408
461002945449
461000020278
461003933928
461003950838
461003969173
461001691529
461001691571
461002655316
461002673873
461002673881
461010651198
461010651215
461002836218
461000281938
461003953052
461001691575
461001783948
461001783993
461003827143
461002947062
461002965546
461001818635
461003791939
461003791951
461004216215
461003621647
461003660086
461003624893
461004514941
461004515073
461004532618
461004479129
461004517262
461003639993
461002692762
461002639358
461000634313
461000634323
461002781371
461012798765
461003914220
461001650879
461002773204
461000672756
461002834241
461002834170
461001813796
461003101613
461001813520
461003776204
461003935571
461003935638
461002124510
461002097148
461002115715
461012061592
461002097074
461002097106
461000126551
461002518395
461002505784
461002121768
461002097138
461004752580
461004877787
461004788134
461004788145
461002075280
461002061571
461004788187
461002407448
461000342965
461004882782
461000362999
461000324509
461000324524
461000021711
461003061086
461003061106
461013061135
461004790940
461004790988
461002914296
461002769466
461002769540
461000671521
461002782606
461002801230
461010528687
461000528693
461000489622
461000527965
461000206309
461002539036
461002499824
461002627371
461002546024
461002508111
461002526712
461004624602
461004787607
461004787646
461002526727
461002548960
461002638287
461001360405
461004353488
461001373419
461004488376
461004883260
461000322938
461000302781
461004704535
461004794373
461004668521
461000052959
461003096351
461001252499
461001271123
461001271175
461000312270
461001237467
461001219209
461001254698
461011273361
461001263365
461001227966
461001069948
461011552671
461001275112
461001275190
461001222821
461001504883
461003207324
461003224824
461001069706
461000685274
461000628432
461004516563
461003646282
461003664542
461000227164
461004255543
461004201143
461004482197
461003630303
461003630339
461000228897
461000284159
461000265612
461004385762
461003666544
461003680644
461003680661
461000287900
461004498317
461004480670
461013629078
461003637143
461002514000
461002532460
461004806089
461003929389
461010670943
461010670962
461004715132
461003058033
461004825497
461004898208
461003080602
461002916329
461004627249
461004682187
461002370183
461004669358
461004776382
461004812062
461002370125
461000365520
461000345445
461000358461
461002388816
461002375384
461002375399
461004757683
461014704482
461002405708
461002388906
461000359700
461000327011
461002088205
461002101191
461004680512
461004680525
461002088309
461002106443
461002075209
461002065270
461004045660
461014080919
461004099262
461004066560
461002494401
461004823274
461004823332
461004769134
461002643225
461002534865
461002547188
461004823337
461011399515
461011415280
461011415357
461004362219
461003355853
461001222781
461001081285
461001264695
461000329879
461001349791
461001219981
461001254736
461001247793
461000329931
461000368302
461001550044
461001514657
461003202856
461001069520
461003220307
461003239876
461000530684
461010230781
461000249617
461000232612
461004197033
461004230306
461004197545
461003492673
461004106872
461004211856
461004474741
461003545239
461004102884
461003678445
461003678488
461001262315
461001262317
461001212536
461001212604
461003111430
461000798889
461000818917
461000818928
461000780439
461013062818
461004213167
461004816092
461014710979
461003507371
461003492910
461004054537
461003113749
461013113748
461003060295
461004842933
461002247218
461002247269
461002247286
461000924723
461001073003
461002378946
461002378986
461000983100
461000963241
461004627646
461003092107
461003073478
461004736236
461012970140
461002951585
461001801685
461001818473
461001818504
461002970202
461002931114
461001779389
461001779396
461001779402
461003827160
461004199650
461004235455
461004531766
461004531916
461004497117
461004531792
461003676621
461013637870
461014201359
461004533072
461004533000
461013660115
461003624818
461000267766
461003923555
461000229912
461000287810
461003941916
461003960172
461003960189
461002946363
461002946367
461002946431
461000052311
461000052356
461000022976
461003916653
461002076682
461002076716
461002804444
461002768961
461002787595
461002787604
461010651436
461000052385
461003931305
461003949890
461001965314
461001983962
461002823193
461000619575
461000619594
461004625948
461004642811
461010632451
461010632460
461010632504
461004893193
461014642850
461000655538
461000657242
461002798811
461012815575
461003932590
461001650920
461002824427
461002773182
461002788570
461003079618
461002966074
461002914442
461002952914
461000304551
461004703528
461004812129
461002407732
461002407826
461000324602
461002091076
461002115708
461002080324
461004822510
461004734589
461002126615
461002091185
461002080318
461002080400
461002098975
461002515177
461002491364
461002508559
461004840674
461004876221
461000243353
461000051144
461000052901
461002356629
461004062393
461004080689
461004080739
461012096589
461002060140
461002838340
461002802845
461000634842
461000654762
461004634493
461000224683
461002553923
461002537003
461002485750
461002514238
461002514279
461002530178
461004770771
461004770799
461004840680
461004805100
461004822511
461002107854
461002071244
461002071264
461002085254
461002085262
461002085289
461012061572
461004823666
461004823672
461003256798
461001126066
461003255793
461001066870
461001085523
461003220258
461001220058
461001220082
461001376580
461001376642
461000265625
461004496535
461004531896
461003682925
461001126940
461003202931
461001071833
461001071870
461001107313
461001125989
461001090654
461000648517
461000648564
461000648600
461004329442
461004482394
461003665568
461000251152
461003630277
461000247241
461004842505
461002970423
461004842572
461004825503
461002356621
461002355436
461000342971
461014721898
461000053966
461000020370
461000343011
461000343014
461004614366
461002107791
461002091183
461002080336
461002109769
461002115760
461014822559
461004822607
461004858133
461004661850
461002509699
461002515232
461002550725
461002550745
461002530101
461001410274
461001359080
461004524166
461003115148
461012948929
461004824230
461004842573
461004842587
461003095442
461012930342
461004844115
461004776489
461002411755
461002355428
461000361250
461000361293
461000304540
461004829364
461004704252
461000023473
461000023566
461000021745
461002411752
461002411759
461002411707
461000342982
461000363064
461002091088
461002091100
461002950017
461002950020
461012911778
461004844070
461003074805
461003055038
461002947290
461001249451
461001267703
461000313779
461000333876
461001222726
461001258279
461001228839
461001233719
461001233771
461000370598
461000370599
461004233030
461004229592
461004215607
461004103644
461004087576
461004197984
461004532724
461003660242
461000287748
461000313830
461000352236
461001219624
461001239985
461001263246
461001214980
461001252460
461000372222
461000366787
461001219150
461001263333
461001104076
461003238505
461001069564
461001069605
461011514517
461011549963
461011550012
461001548268
461000510782
461004498428
461004534456
461003621756
461003624333
461001090532
461010510786
461000472302
461004217493
461004236432
461004200366
461004478910
461004532780
461004532839
461003677966
461003678024
461004218766
461004534369
461002794704
461003345517
461003350550
461003386536
461002248785
461002231980
461002232033
461002377152
461002377180
461000949387
461000984720
461002379532
461002269401
461002263415
461002263501
461001084689
461001122223
461004215823
461004103133
461004105183
461004052507
461004213027
461004214709
461014195624
461003490574
461013526972
461003542715
461000813396
461000813402
461000813415
461000813349
461003079758
461003062823
461000776605
461003095615
461000944719
461001105435
461001105442
461001105386
461002263535
461000984792
461001105456
461004212973
461004870591
461003490007
461004069568
461004228923
461004232310
461003092038
461002794673
461002796523
461012772136
461002808798
461002808808
461003350484
