430000109272
430000270773
430000290847
430000391151
430000393595
430000433147
430000608928
430000609058
430000611795
430000611841
430000611874
430000612035
430000612538
430000612623
430000612677
430000612683
430000612714
430000612720
430000612792
430000612830
430000612833
430000612839
430000612840
430000612849
430000612872
430000612885
430000612886
430000612891
430000612936
430000612965
430000612978
430000612980
430000612999
430000613006
430000613009
430000613018
430000613035
430000613050
430000613053
430000613058
430000613059
430000613084
430000613556
430000613561
430000613562
430000613570
430000613571
430000613572
430000613573
430000620562
430000621572
430000621574
430000621585
430000621633
430000621640
430000621656
430000621686
430000621687
430000622004
430000622006
430000622117
430000622163
430000627513
430000629851
430000629855
430000629860
430000629992
430000629995
430000630009
430000630075
430000630350
430000630383
430000630459
430000630570
430000630631
430000630647
430000630671
430000630683
430000630708
430000630718
430000630742
430000630770
430000630778
430000630793
430000630809
430000630911
430000630913
430000630964
430000630965
430000631496
430000632936
430000635232
430000637937
430000637952
430000638002
430000638068
430000638083
430000638099
430000638118
430000638126
430000638142
430000638149
430000638151
430000638218
430000638242
430000638350
430000638382
430000638395
430000638414
430000638416
430000638425
430000638434
430000638443
430000638452
430000638461
430000638478
430000638544
430000639221
430000640517
430000641044
430000641105
430000641284
430001059918
430001060215
430001060540
430001060612
430001060918
430001061387
430001061420
430001062225
430001062265
430001062293
430001062294
430001062300
430001065133
430001065337
430001065459
430001065542
430001069279
430001072602
430001074185
430001077172
430001077391
430001078478
430001080282
430001086345
430001087297
430001087537
430001088727
430001088758
430001088777
430001088781
430001088782
430001088783
430001088784
430001088785
430001088786
430001088787
430001088788
430001088790
430001088791
430001088792
430001088793
430001088794
430001088795
430001088796
430001088798
430001088804
430001088807
430001088808
430001089764
430001089836
430001090109
430001090923
430001091490
430001091653
430001093002
430001177941
430001423702
430001428560
430001436930
430001447831
430001448004
430001462388
430001473766
430001476477
430001476733
430001560848
430001562873
430001572849
430001604583
430001703522
430001745821
430001834154
430001846312
430001851050
430001852550
430001856895
430001881113
430001892771
430001900168
430001996097
430002008602
430010074854
430010178910
430010388486
430010407734
430010407845
430010432613
430010611703
430010613180
430010622491
430010622586
430010629110
430010630957
430010639968
430010640522
430010641660
430010641792
430011003667
430011059892
430011063893
430011071879
430011077381
430011080722
430011082289
430011082996
430011085689
430011085834
430011088729
430011088770
430011088778
430011088779
430011088780
430011088789
430011088797
430011088799
430011088800
430011088801
430011088802
430011088803
430011088805
430011088806
430011088809
430011088810
430011088811
430011088812
430011088813
430011088814
430011088815
430011088816
430011088817
430011088818
430011088819
430011088820
430011088821
430011088822
430011088823
430011088824
430011088825
430011088826
430011088827
430011088828
430011088829
430011088830
430011091016
430011091032
430011163515
430011271127
430011306216
430011411939
430011412425
430011417505
430011421106
430011424213
430011425356
430011425359
430011432247
430011434086
430011436011
430011436341
430011437899
430011438139
430011439111
430011441232
430011442946
430011455387
430011571341
430011875279
430011876363
430011885048
430011885051
430011888283
430011889887
430011897244
430011902353
430011902641
430011902847
430011975375
430011993498
430011993704
430011995752
430012002690
