321011901306
321010683548
321010683558
321000105443
321011901328
321000206478
321010779312
321010523028
321010522455
321010683578
321015004640
321010683838
321010521535
321010683498
321010522456
321010530539
321010302256
321000029104
321010683581
321010522457
321011331282
321010528444
321010528445
321010530465
321000029774
321010681778
321010681999
321011682058
321000029992
321010682098
321010152511
321010682720
321010682838
321010683198
321010683399
321011572953
321000106476
321010681618
321010530597
321010530434
321010530448
321000305441
321011682381
321010682420
321010528497
321012202157
321010683459
321011901322
321010529942
321011244174
321010683018
321010683738
321010813978
321010523027
321000037955
321010530027
321010681658
321010681659
321010528449
321010681678
321010528450
321013202156
321010681698
321010528451
321010528452
321010681739
321010528454
321010528455
321010524851
321010681801
321010681802
321010524853
321010681820
321010524854
321010522461
321011901330
321010779313
321010681859
321010530431
321010681898
321010681919
321010681938
321011126296
321010631818
321011724994
321010813974
321010530436
321010276804
321010530439
321011682018
321011682059
321010530441
321010530442
321010682078
321011682079
321011724995
321010530443
321013112951
321010682118
321010530444
321010530445
321010682178
321011901313
321010682980
321011572956
321010276805
321010683238
321010683258
321010683278
321010683279
321010681558
321010681598
321010530596
321000105732
321010681858
321011901314
321010682599
321010682679
321010522462
321010530446
321000016581
321011112952
321010530449
321010761105
321010530450
321011901316
321010525176
321011901315
321011901317
321010682338
321010682358
321010530451
321010603595
321010682380
321010682383
321010682398
321010530452
321010761108
321010485554
321010761107
321010152510
321010522429
321011572954
321010542390
321010522430
321010542391
321011724996
321011572955
321010530453
321010682639
321010530454
321010530012
321010682618
321010683298
321010813975
321010523055
321011724998
321011901329
321010683341
321000020364
321010683539
321013202158
321010530464
321010528496
321010761109
321010682739
321010528498
321010682743
321010522431
321010530456
321010779303
321010522432
321010682761
321010682765
321010276806
321010682799
321010527894
321010542392
321011901324
321011901312
321010522437
321010522438
321000600683
321011901319
321010521072
321010521073
321010682879
321012112954
321010522439
321010813976
321010276808
321010530074
321012112955
321011724997
321010224796
321011302254
321000029103
321010683119
321010522441
321010522452
321010683543
321010522453
321010683544
321013202159
321010522458
321010152509
321010683159
321010683160
321010522444
321010522445
321010522446
321010683220
321010683219
321010813977
321010901327
321011152514
321010683418
321011683438
321010683440
321000028941
321010683546
321010522459
321010522460
321010053201
321010053202
321010053203
321010053204
321010053210
321010047622
321010047623
321010047624
321010155518
321010047627
321010047628
321010087738
321010232874
321010398414
321010016497
321010048850
321010048851
321010048853
321010024453
321010024454
321010410166
321010419114
321010197407
321010556513
321010024366
321010620516
321010010849
321010024368
321010164768
321010200282
321011114219
321010020039
321010166385
321010047629
321010723925
321010160194
321010557541
321010024369
321010024370
321010092695
321010111623
321010024371
321010024373
321010024374
321010112169
321010111890
321010049084
321010096710
321010051971
321010049087
321010125053
321010141598
321010049088
321010049089
321010049091
321010049092
321010628655
321010049093
321010049099
321011572197
321010166387
321010049107
321010049108
321010132235
321010021362
321010021363
321010021367
321010102733
321010021369
321010142264
321010098307
321010097758
321010082082
321010443324
321010219357
321010493061
321010047477
321010047479
321010047480
321010047481
321010203180
321010047483
321010090170
321010020087
321010117179
321010564470
321010162825
321010136181
321010175460
321010175461
321010450014
321010162822
321010162823
321010047487
321010557553
321010047489
321010047491
321010062416
321010153144
321010447278
321010218668
321010049106
321011124969
321010084349
321010219358
321010048812
321010576542
321010048813
321010048816
321010048818
321010048819
321010049137
321010049141
321010114981
321010445983
321010162828
321010092841
321010162830
321010162831
321010133587
321010162832
321010162833
321010162835
321010162838
321011125790
321010020505
321010162839
321010162840
321010047515
321010047516
321010047517
321010048647
321010047525
321010555687
321010047526
321011112213
321010121784
321010162890
321010237375
321010162891
321010107501
321010162893
321010162894
321010162895
321010162896
321010162897
321010162898
321010049142
321010049144
321010721508
321010049145
321010049146
321010049153
321010050048
321010002746
321010030695
321010030696
321010030701
321010030702
321010030704
321010030706
321010030708
321010057765
321010163776
321010163777
321010163778
321010163779
321011053412
321010163781
321010163782
321010163783
321010424170
321012056119
321010163784
321010433344
321010710366
321010047367
321010206541
321010047495
321010047500
321010047501
321010047658
321010342647
321010047503
321010047505
321010047508
321011125212
321010047514
321010047315
321010047316
321010047318
321010047323
321010160197
321010047324
321010721975
321010047329
321010047331
321010047332
321010047333
321011021170
321010027711
321010110834
321010047336
321010160198
321010214941
321010048820
321010164701
321010164702
321010164704
321010164705
321010566374
321010053175
321010053176
321010053178
321010053179
321010053183
321010053184
321010048822
321010221289
321010048823
321010164707
321010421254
321010223151
321010691840
321010448851
321010163831
321010122815
321011021859
321010423518
321010163833
321010566647
321010021942
321010163835
321010163836
321010163837
321010719287
321010047368
321010148574
321010047371
321010047375
321010047376
321010322143
321010021404
321010049079
321010360339
321010049082
321010141597
321010049083
321010163839
321010164760
321010733784
321010164761
321010232740
321010551948
321010723729
321010159676
321010159678
321010159680
321010025036
321010159681
321010159683
321010159684
321010202650
321011221251
321010721251
321010159685
321010206721
321010215531
321010132970
321010134727
321010010877
321010053190
321010053194
321010053196
321010053198
321010053200
321012122342
321010153145
321010102970
321010153146
321010153147
321010153149
321010576652
321010047829
321010153151
321010153152
321010153153
321010153155
321010153157
321010106966
321010166392
321010160831
321010160832
321011200450
321010020436
321010160833
321010574116
321010160834
321010160836
321010210816
321010166429
321010166430
321010072777
321010166431
321010441933
321011021609
321010160007
321010160008
321010160009
321010153424
321010153425
321010153426
321010067235
321010053791
321010153427
321010728244
321010091234
321010153428
321010153430
321010153431
321010153432
321010163558
321010163559
321010163560
321010163561
321012121856
321010158934
321010158935
321010158936
321010158937
321010162901
321010162902
321010162904
321010162905
321010578028
321010162908
321010162909
321011221943
321010162910
321010162911
321010162912
321010163840
321010166427
321010028349
321010166428
321010020592
321010048825
321010048826
321010048830
321010048831
321010160199
321010048832
321010579062
321010552686
321010048833
321010048837
321010569169
321010048839
321010048844
321010574948
321010214235
321010712045
321010164762
321010164763
321010164764
321011023386
321011209052
321010722279
321010164766
321010551178
321010164767
321010166388
321010166391
321010050136
321010158938
321011105254
321010158939
321010155265
321010155266
321010155268
321010062064
321010155269
321010155270
321010155271
321010155272
321010155273
321011420778
321010155274
321010155275
321010155276
321010155277
321010053119
321010726717
321010164930
321010164931
321010065293
321010164932
321010164933
321010060305
321010158940
321010158941
321010158942
321010158943
321010158944
321010158945
321010710813
321010115153
321010163564
321010104742
321010163565
321010158949
321010234811
321010163842
321010441138
321010163843
321010504628
321010163844
321010163845
321010163847
321010163848
321010163849
321012122364
321010049345
321010165517
321010165518
321010563136
321010165520
321010165636
321010165637
321010273577
321011200443
321010159637
321010159638
321010159639
321010159640
321011023514
321010159641
321010164922
321010164924
321010164925
321010164926
321010164927
321010164928
321010121861
321010052988
321010202943
321010102168
321010052989
321010094131
321010729480
321010052992
321010447512
321010052995
321010052997
321010052998
321010022520
321010155279
321010155281
321010155282
321010166558
321010159645
321010159646
321010159647
321010159648
321010159649
321010159650
321010159651
321010159652
321010159653
321010166559
321010162787
321010162788
321010162789
321010162790
321010162791
321011060498
321010162793
321010162794
321010162795
321010162796
321010441062
321010162797
321010424067
321010200883
321010165521
321010492548
321010164708
321010102801
321010164711
321010166560
321010166562
321010300333
321010016561
321010727312
321010155298
321010155299
321010155300
321010155301
321011422023
321010155303
321011020443
321010155304
321010155306
321010155307
321010166402
321010166403
321010155030
321010138978
321010300079
321010155032
321010102672
321010426902
321010120995
321011125200
321010003276
321010159666
321010069945
321010159667
321010029731
321010029732
321010029733
321010029734
321010043218
321010166566
321010166567
321010166569
321010165623
321011015012
321010165625
321010111328
321010165626
321010094135
321010165627
321010492320
321010165628
321010165629
321010029735
321010029736
321010114866
321010029737
321010207079
321010029739
321010029740
321010029741
321010216721
321010094143
321010155283
321010155284
321010155285
321010155286
321010155287
321010155288
321010155291
321010015006
321010155292
321010155293
321010155294
321010155295
321010155297
321010029730
321010165630
321010165631
321010165632
321010165633
321010165634
321010165635
321010325799
321010050239
321010050240
321010050245
321010727607
321010050246
321010145188
321010068444
321010019638
321010014971
321010019639
321010019641
321010411014
321010448451
321010019643
321010019644
321010165995
321010113784
321010019652
321010019653
321010019656
321011000016
321010153158
321010324437
321010082151
321010568041
321010149082
321010153159
321010159668
321010110675
321010159669
321010159670
321010159671
321010410731
321010159672
321010159673
321010035203
321010116697
321010153161
321010153162
321011102998
321010153163
321010153165
321010553909
321010027052
321010153166
321010050248
321010051676
321011031392
321010713477
321010165979
321010050059
321010050060
321010157146
321010015370
321010053439
321010050062
321010050064
321010050065
321010050066
321010050068
321010565979
321010157147
321010724744
321010493702
321010050071
321010050072
321010042262
321010024379
321010024380
321010114335
321010024382
321010002693
321010024383
321010051642
321010024511
321010024512
321010024514
321010903527
321010024516
321010059445
321010165980
321010024519
321010209002
321010059653
321010024520
321010030705
321010024521
321010307474
321010024522
321010440287
321010024375
321010720355
321010733489
321010024376
321010122487
321010024378
321010620204
321010050226
321010050228
321010134223
321010050229
321010050230
321010050238
321010145187
321010742408
321010713973
321011553710
321010160837
321010160838
321011054948
321010414793
321010160839
321010160841
321010160844
321010233955
321010161042
321010161043
321010161044
321010161045
321010161046
321010006495
321010161047
321010161049
321010050073
321010050074
321010050075
321010026167
321010026168
321010026169
321010433253
321010218686
321010026172
321010028531
321010493817
321010493164
321010028534
321010444668
321010562726
321010051646
321010051648
321010423241
321010051654
321010051658
321010051660
321010051661
321010424715
321010390317
321010051663
321010159686
321010163789
321010163790
321010454591
321010163791
321010163792
321010163793
321010163794
321010212555
321010159655
321010159657
321010163556
321010163557
321010041884
321010159687
321010069844
321010159688
321010249910
321010159689
321010050051
321010050052
321010050054
321010050055
321010051643
321010051644
321010051645
321010215528
321010024523
321010165981
321010024526
321010024527
321010056717
321010553287
321010024529
321010016806
321010057664
321010047308
321010047309
321010047311
321010047313
321010047314
321010081742
321010430244
321010738502
321010215526
321010502306
321010050231
321010050234
321010441219
321010149906
321010028555
321010073155
321010028556
321010028557
321010028558
321010103845
321010028560
321010028561
321010028562
321010149907
321010028563
321010102367
321010442491
321010075200
321010038560
321010038561
321010166420
321010166422
321010166423
321010166424
321010163795
321010165447
321010153137
321011333236
321010047349
321010153139
321010055891
321010161050
321010720120
321010161053
321010161054
321010161056
321010161057
321011243216
321010164919
321010164920
321010057688
321010155263
321010164921
321010051666
321010051670
321010051671
321010047379
321010729048
321010569782
321010047380
321010105647
321010028535
321010028536
321010028537
321010028538
321010028540
321010149904
321010028541
321010626486
321010159691
321010159692
321010159693
321011434206
321010159696
321010155247
321010155248
321010155249
321010059756
321010022368
321010166425
321010166426
321010734522
321010158958
321010158959
321010088373
321010158960
321010576896
321010158962
321010158963
321010153167
321010153168
321010019056
321010155262
321010106479
321010727873
321010028543
321010112392
321010028544
321010094802
321010048331
321010158950
321011030219
321010161886
321010109400
321010161887
321010164847
321010569820
321010321066
321010164848
321010164849
321010073022
321010574447
321010164851
321010126868
321010105937
321010727366
321010163566
321011117042
321010163567
321010210293
321010176407
321010176408
321010176409
321010176411
321010176412
321011125134
321010176413
321010176414
321010176415
321010176417
321010164852
321010233438
321010164853
321010550340
321010158951
321010158952
321010158953
321010158954
321010158955
321010158956
321010208985
321010028550
321010571100
321010028551
321010028552
321010125109
321010028553
321010053167
321010053168
321010053169
321010053171
321010053172
321010153140
321010153141
321010153208
321010175570
321010175571
321010179226
321010179227
321010179228
321010179230
321010179231
321010179232
321010048984
321010179233
321010165479
321010165480
321010165481
321010743287
321010150379
321010051685
321010106961
321010092227
321010063892
321010051686
321011008225
321010057466
321010051687
321010051689
321010051691
321010068218
321010051693
321010047186
321010090822
321010179248
321010179249
321010179250
321010620222
321010179252
321010179253
321010179254
321010179255
321010722715
321010179256
321010571841
321010235240
321010166398
321010034007
321010221875
321010034008
321010034010
321010034011
321010738223
321010418070
321010179234
321010179235
321010396374
321010112288
321010711124
321010179236
321010179237
321010179239
321010179240
321010179241
321010179242
321010179243
321010179244
321010179245
321010179247
321010182128
321010182129
321010092951
321010050094
321010050095
321010143321
321010166401
321010164783
321010041025
321011052676
321010164784
321010164785
321010164786
321010164787
321011024239
321010164788
321010164789
321010446513
321010164790
321010734149
321011026207
321010210541
321010165463
321010165464
321010425574
321010165465
321010165466
321010165467
321010165468
321010165470
321010165471
321010165472
321011446268
321011030285
321011322208
321011121874
321010165432
321010153209
321010111197
321010153211
321010165451
321010165452
321010165453
321011125080
321011059679
321010165454
321010165455
321010061841
321010165457
321010165482
321010165484
321010165485
321011021357
321010156041
321010003884
321010010483
321010165434
321010020810
321010165435
321010097424
321010161058
321010161059
321010161060
321010161061
321010161069
321010731314
321010029320
321010555141
321010029321
321010029323
321010029325
321010029326
321010554925
321010029327
321010034911
321010034913
321010034915
321010381146
321010034916
321010034917
321010050096
321010050098
321010073569
321010108135
321010035669
321010321312
321010035670
321010035671
321010051532
321010563831
321010235223
321010035672
321010117020
321010713696
321010054407
321010217954
321010054410
321010054411
321010622608
321010022135
321010054413
321010054414
321010054415
321010054418
321010054419
321010054421
321010054422
321010206948
321010722369
321010161062
321010161064
321010135281
321010161065
321010161067
321011055889
321010031207
321010153414
321010153415
321010006244
321010153417
321010153418
321010179257
321010179258
321010179259
321010179260
321010067547
321010162887
321010162889
321010167137
321010167139
321010167140
321010167141
321010628792
321010167143
321010167144
321010103610
321010167145
321010167146
321010031427
321010031428
321010031429
321010321205
321010032443
321010090703
321010070845
321010032444
321010032447
321010032448
321010111651
321010032449
321010449668
321010032450
321010153419
321010153420
321010153422
321010428546
321010153423
321010165458
321010165459
321010209465
321010165460
321010165461
321010031423
321010051159
321010031424
321010011783
321010221753
321010141208
321010161070
321010161817
321010161818
321010161819
321010161820
321010161821
321010161822
321010161824
321010213879
321010164775
321010164777
321010164778
321010164779
321010019910
321010135293
321010050093
321010153212
321010121368
321010423029
321010156098
321010156099
321010156100
321010156101
321010205671
321010166396
321010166397
321010156043
321010030609
321010164713
321010164714
321010165429
321010165430
321011131220
321010444078
321010047560
321010047564
321010047566
321010054395
321010054397
321010054398
321010054399
321010064376
321010054400
321010054404
321010054405
321010054406
321010028568
321010028569
321010028571
321010028574
321010028575
321010204113
321010019459
321010028576
321010028577
321010338271
321010028578
321010051699
321010051701
321010051704
321010023133
321010116665
321010051705
321010103295
321010051680
321010051681
321010051682
321010114748
321010051684
321010207920
321010179261
321010179262
321010179263
321010029310
321010029312
321010029313
321010130293
321010029314
321010029315
321010209142
321010029316
321010029317
321010325696
321010032451
321010112896
321010165639
321010165641
321010021219
321010165642
321010165643
321010165644
321012121869
321010727040
321010713626
321010567034
321010553189
321010222280
321010165474
321010165477
321010165478
321010053959
321010922274
321010445407
