725010001670
725010001671
725010001672
725010001673
725010001674
725010001675
725010001676
725010001677
725010001678
725010001679
725010001680
725010001681
725010001682
725010001683
725010001684
725010001685
725010001686
725010001687
725010001688
725010001689
725010001690
725010001691
725010001692
725010001693
725010001694
725010001695
725010001696
725010001697
725010001698
725010001699
725010001700
725010001701
725010001702
725010001703
725010001704
725010001705
725010001706
725010001707
725010001709
725010001710
725010001711
725010001712
725010001713
725010001714
725010001715
725010001716
725010001717
725010001718
725010001719
725010001720
725010001721
725010001722
725010001723
725010001724
725010001725
725010001726
725010001727
725010001728
725010001729
725010001730
725010001731
725010001732
725010001733
725010001734
725010001735
725010001736
725010001737
725010001738
725010001739
725010001740
725010001741
725010001742
725010001743
725010001744
725010001745
725010001746
725010001747
725010001748
725010001749
725010001750
725010001751
725010001752
725010001753
725010001754
725010001755
725010001756
725010001757
725010001758
725010001759
725010001760
725010001761
725010001762
725010001763
725010001764
725010001765
725010001766
725010001767
725010001768
725010001769
725010001770
725010001771
725010001772
725010001773
725010001774
725010001775
725010001776
725010001777
725010001778
725010001779
725010001780
725010001781
725010001782
725010001783
725010001784
725010001785
725010001786
725010001787
725010001788
725010001789
725010001790
725010001791
725010001792
725010001793
725010001794
725010001795
725010001796
725010001797
725010001798
725010001799
725010001800
725010001801
725010001802
725010001803
725010001804
725010001805
725010001806
725010001807
725010001808
725010001809
725010001810
725010001811
725010001812
725010001813
725010001814
725010001815
725010001816
725010001817
725010001818
725010001819
725010001820
725010001821
725010001822
725010001823
725010001824
725010001825
725010001826
725010001827
725010001828
725010001829
725010001830
725010001831
725010001832
725010001833
725010001834
725010001835
725010001836
725010001837
725010001838
725010001839
725010001840
725010001841
725010001842
725010001843
725010001844
725010001845
725010001846
725010001847
725010001848
725010001849
725010001850
725010001851
725010001852
725010001853
725010001854
725010001855
725010001856
725010001857
725010001858
725010001859
725010001860
725010001861
725010001862
725010001863
725010001864
725010001865
725010001866
725010001867
725010001868
725010001869
725010001870
725010001871
725010001872
725010001873
725010001874
725010001875
725010001876
725010001877
725010001878
725010001879
725010001880
725010001881
725010001882
725010001883
725010001884
725010001885
725010001886
725010001887
725010001888
725010001889
725010001890
725010001891
725010001892
725010001893
725010001894
725010001895
725010001896
725010001897
725010001898
725010001899
725010001900
725010001901
725010001902
725010001903
725010001904
725010001905
725010001906
725010001907
725010001908
725010001909
725010001910
725010001911
725010001912
725010001913
725010001914
725010001915
725010001916
725010001917
725010001918
725010001919
725010001920
725010001921
725010001922
725010001923
725010001924
725010001925
725010001926
725010001927
725010001928
725010001929
725010001930
725010001931
725010001932
725010001933
725010001934
725010001935
725010001936
725010001937
725010001938
725010001939
725010001940
725010001941
725010001942
725010001943
725010001944
725010001945
725010001946
725010001947
725010001948
725010001949
725010001950
725010001951
725010001952
725010001953
725010001954
725010001955
725010001956
725010001957
725010001958
725010001959
725010001960
725010001961
725010001962
725010001963
725010001964
725010001965
725010001966
725010001967
725010001968
725010001969
725010001970
725010001971
725010001972
725010001973
725010001974
725010001975
725010001976
725010001977
725010001978
725010001979
725010001980
725010001981
725010001982
725010001983
725010001984
725010001985
725010001986
725010001987
725010001988
725010001989
725010001990
725010001991
725010001992
725010001993
725010001994
725010001995
725010001996
725010001997
725010001998
725010001999
