318010372909
318010182677
318010013412
318010183343
318010185453
318010054705
318010273234
318010319780
318011434848
318010089511
318010766823
318010766826
318010281504
318010766847
318010183771
318010243620
318010766980
318010333362
318010072119
318010941519
318010382916
318010766706
318010739804
318010183579
318010183589
318010406759
318000011711
318010206082
318010393237
318010369583
318000035358
318010766124
318010766135
318010183649
318010842505
318010765891
318000012604
318010220435
318010765916
318010373371
318010765984
318000027896
318010152730
318010205658
318010061120
318011353236
318010172400
318010272925
318010134950
318010015342
318010183313
318010122394
318010766603
318010766618
318000034787
318010183498
318010183500
318010163645
318010368358
318010078078
318010001602
318000035680
318010765751
318010765775
318010765821
318011622201
318010447958
318010228767
318010258725
318010221982
318000000329
318010765657
318010093984
318010842044
318000018339
318000019916
318010183555
318000022413
318010766116
318010766161
318010554021
318000077524
318010457834
318010183321
318010183916
318010019108
318010766549
318010029447
318010766573
318000001701
318010183614
318010766261
318010183479
318010766327
318010196088
318010285187
318000029653
318010188859
318010027266
318010766974
318010939972
318000024874
318010766994
318010780023
318010766674
318010240730
318010766740
318010030179
318010780287
318010182639
318010182641
318010361932
318010766202
318010765872
318010181522
318010765936
318010765941
318010765974
318011760150
318010025519
318010068518
318010775703
318010766429
318010532213
318010766568
318010062871
318010183463
318010766290
318010766329
318010337982
318010418566
318010434332
318010189955
318010183744
318010766901
318010383433
318000017485
318010283448
318010110355
318010071697
318010766013
318010200838
318010766392
318010797684
318010103088
318000024406
318010183544
318010811610
318011777104
318010241558
318000037226
318010634052
318011559354
318010097060
318011559232
318010270357
318010183621
318010183477
318010183508
318010307477
318010247442
318010007617
318010416556
318010156776
318010011643
318010183734
318010183770
318010218204
318010153056
318010053537
318010246529
318010766226
318010041206
318010237555
318010183517
318000020889
318010016070
318010766461
318010766470
318010035114
318010194495
318010766482
318010555165
318010343400
318000034807
318010249333
318010183600
318010766624
318010766632
318010242777
318010759880
318010181260
318010181271
318010765210
318010765225
318010229627
318010841389
318010126403
318010183223
318010765701
318010765746
318010069095
318010765812
318010765829
318010188719
318010183200
318010765636
318010014585
318010067674
318010095081
318010053073
318010627561
318010050635
318010536981
318010416682
318010399210
318010766215
318010765902
318010765923
318010780266
318010159999
318010183597
318010780306
318010037331
318010282269
318010072594
318010182670
318010182416
318010780131
318010269088
318010418499
318010780160
318010183559
318010057116
318010213978
318010501432
318010780841
318010133053
318010196124
318010219544
318010215731
318010182727
318010182732
318010182744
318010347361
318010175240
318010766223
318010236187
318010183336
318010765962
318010183338
318010180525
318000002207
318000004611
318010458145
318011529246
318000111656
318010205835
318011231148
318010402927
318010766270
318010766280
318010183462
318010102548
318010296217
318010214727
318000002022
318010142309
318010769488
318010171738
318010049450
318010183790
318010138705
318010811579
318010182635
318010780326
318010222452
318010441026
318010780374
318000023540
318010780418
318010270133
318010183560
318010182515
318010201499
318010392958
318000024554
318010205308
318010746396
318010182947
318010084206
318010182726
318010376639
318010182780
318010781448
318010001971
318000022520
318010766224
318010765868
318010195918
318010183327
318011775185
318010766020
318010238234
318012765632
318010050086
318010020038
318010211915
318010766317
318000027769
318010183713
318010292888
318010023907
318010766850
318010054078
318010572641
318010002909
318010293912
318010765634
318010218269
318010003623
318011434196
318010339759
318010164118
318000610027
318010319098
318010765877
318010765949
318010183357
318010183360
318010183361
318010012523
318010792489
318010048284
318010140092
318010142763
318010766265
318010766282
318010183469
318010074915
318010765654
318010211861
318010212381
318010017974
318010744381
318010067403
318000008443
318010096961
318010183652
318010042498
318010766169
318010094760
318010183442
318010183348
318010765990
318010210561
318010113712
318010766409
318010061777
318010939592
318010210062
318010542972
318010227269
318010241474
318010240368
318010052273
318010183701
318010435890
318010781411
318010292421
318010182800
318010008256
318010567436
318010307542
318010161305
318000310182
318000002261
318010118813
318010154768
318010766258
318010108033
318010183620
318010098085
318000013759
318010045135
318010183732
318010183737
318010375183
318010097664
318010409478
318010766943
318010238845
318000077710
318010770684
318010005190
318010380466
318010279796
318010183800
318010766671
318010239040
318011780396
318010668378
318000024233
318010780478
318010183826
318010780143
318010183834
318010780151
318010780650
318011162146
318010090924
318010523254
318010332497
318010128440
318010391769
318012621520
318010231509
318010062663
318010096122
318010167128
318000039644
318010107634
318010181631
318010237909
318010765482
318010229120
318000036459
318010747126
318010437445
318010765621
318000028083
318010192267
318010183213
318010128415
318010067232
318010214976
318010196703
318010766100
318010008330
318010146524
318010176762
318010025805
318000006614
318010157759
318010624568
318010765943
318000100417
318010021374
318010766940
318010116596
318010114648
318010298100
318010183428
318010765880
318010181529
318010173837
318010766243
318010241895
318010765986
318010203674
318011753891
318010049491
318010060901
318010325560
318010413055
318010766586
318010093521
318010183613
318000019892
318010267505
318010125549
318010224499
318010766841
318010766862
318010191386
318010183184
318010354642
318010416787
318010167328
318010274986
318010127774
318010002592
318010062263
318010136188
318010766056
318010183377
318010183383
318010231481
318010766106
318010183640
318010257491
318011000349
318010766127
318010766174
318010183664
318010183667
318010262980
318010036100
318010242776
318010183324
318010183341
318010234857
318010017604
318010183748
318010356150
318010675269
318010766927
318010073909
318010183778
318010017191
318010291473
318010183815
318010780101
318010710673
318010766745
318010226561
318010100161
318010780303
318010780358
318000038480
318010716441
318010081747
318010780429
318010182421
318010182432
318010780465
318010000544
318010162515
318010089691
318010182529
318010035933
318010748606
318010766669
318011541852
318011780082
318010766680
318010183682
318010241431
318010637622
318010209804
318010938547
318010146172
318010085067
318010213557
318010725422
318010766553
318000020567
318010237908
318010166538
318010175132
318010766627
318010766260
318010931498
318010060672
318000000103
318010766305
318010016269
318010004479
318010032324
318010766902
318010473349
318010780043
318010389316
318011539859
318010298608
318000009873
318010018224
318010781898
318010285332
318010781468
318010287647
318010413141
318010151258
318010571144
318010183283
318010263838
318000035321
318010774892
318010039108
318010426588
318010230393
318010766620
318010766647
318010775984
318010202890
318010745760
318010243034
318010766876
318010766003
318010550485
318010162032
318000008834
318010183515
318010141927
318010236184
318000028163
318010766517
318010766577
318010766515
318010766538
318010183306
318010183312
318010130345
318010166229
318010139355
318010030186
318010145931
318010058960
318010214205
318010183719
318010766856
318010057832
318011992235
318010517502
318011767271
318010183741
318000011900
318010115217
318010153405
318010766993
318010183786
318010780412
318010780415
318010117853
318010782054
318010183827
318010100787
318010254666
318010183556
318010780747
318010128110
318010182560
318010183850
318010420375
318010161799
318010781117
318011781146
318000004049
318010156329
318010048189
318000000922
318010425605
318010329555
318010183541
318010183285
318000028295
318010246887
318010150263
318010166366
318010766529
318010766545
318010181528
318010491641
318000037530
318010282769
318010860264
318010863356
318010766016
318010265518
318010766486
318010183277
318010183288
318010797751
318010582634
318010766590
318010766630
318010954918
318010785179
318010507970
318010183470
318010766319
318010529210
318010234146
318010046528
318010238736
318010122730
318010045141
318010183871
318010034927
318010305497
318010373414
318010780547
318010230539
318010781347
318010766383
318010167917
318010121775
318010163586
318010766476
318010378567
318010078044
318010270574
318010018966
318010539392
318010766253
318010766273
318010183461
318010766302
318010236371
318010550674
318010095423
318010434736
318000003775
318010312193
318010183742
318010766926
318010076195
318010117526
318010780069
318010345959
318011780076
318010780084
318011455122
318010182414
318000020644
318010014015
318010374636
318010218586
318000110984
318010211936
318010033001
318010717771
318010766012
318000031415
318000040441
318010183511
318010217046
318010423299
318010766421
318010236270
318010280905
318010766489
318010226616
318000028572
318010504464
318010766637
318010316893
318010183491
318010273155
318010183752
318010403796
318010442934
318010766959
318010766989
318010236619
318000035865
318010550638
318010780059
318010053969
318010155931
318010182410
318010242419
318010213208
318010133851
318010505347
318010029159
318010766177
318010181527
318000024993
318000008037
318010048762
318010886145
318010600981
318010101980
318010073642
318010780079
318010766817
318010711575
318010078833
318010159438
318000038040
318010299352
318010061651
318010780332
318010418744
318010231989
318010781409
318010253826
318010182658
318010145587
318010780423
318010182431
318010780460
318010264327
318010572462
318010791861
318010406183
318010766014
318010766026
318010141572
318010667265
318010166224
318010766443
318010183543
318010127751
318010120436
318011860600
318010781178
318010182444
318000037633
318010182623
318010781366
318010108757
318010057706
318000017409
318010781580
318000037582
318010781646
318010550017
318010378987
318010165219
318010781835
318010035446
318010735119
318010141292
318010016807
318010020951
318000013274
318010766432
318010183533
318010766326
318010051280
318010246787
318010161841
318010766824
318010029358
318010096611
318010183716
318010183731
318010183747
318010766948
318010059314
318010039266
318010780100
318010183902
318010182409
318010100110
318010059237
318010186374
318010766186
318010554009
318010766195
318010373378
318010766216
318010071288
318010060066
318010196716
318010011215
318010766036
318000062065
318010538463
318010183516
318010164178
318010259504
318010069230
318010424337
318010150528
318010718234
318010766952
318010128627
318010554622
318010766679
318010238980
318010620030
318010766797
318010183571
318010780269
318010228074
318010360477
318010431689
318010003528
318010264456
318010003952
318000013926
318010066640
318010766938
318011728252
318010139873
318010766961
318010766973
318010629146
318010174571
318010296140
318011547539
318010838176
318010028551
318010418791
318010766908
318010766916
318010182929
318010766935
318000025492
318010792087
318010712009
318010006216
318010183901
318010182412
318010766092
318000033062
318010592527
318010097239
318010631366
318000207328
318010017041
318000032182
318010251462
318010724947
318000077535
318010152290
318010559678
318000035715
318010744818
318010234602
318010183466
318000024859
318010736400
318010065627
318010006343
318010183780
318010938538
318010181526
318010181530
318010064889
318010225318
318010382926
318010137334
318011031353
318010766008
318010766035
318010766617
318010766339
318010183501
318000007545
318011000333
318010306601
318010766845
318010766898
318010244271
318010336055
318010409090
318010780067
318010183822
318010766684
318010183919
318010439498
318010111156
318010210902
318010183580
318010205233
318010785765
318000004967
318000120300
318010098201
318010183909
318010791873
318010049440
318010170815
318000037533
318010451443
318000036480
318010766554
318010528177
318010183311
318010000713
318010766323
318010183489
318010075154
318010737574
318010766833
318010769771
318010156451
318010228982
318010717770
318010045238
318010418975
318010263892
318010013879
318010381620
318010492640
318010664392
318011732181
318010183292
318010054515
318010361030
318010404502
318010183617
318010183483
318010183496
318010020366
318010585598
318010592980
318010025528
318010163889
318010484187
318010435326
318010154436
318010375951
318010780133
318010780692
318010648830
318010301765
318010205169
318010173743
318010539460
318010138907
318010183584
318010780317
318010012725
318010198144
318000040936
318010780382
318010257976
318010042150
318010766207
318010766220
318010183441
318010765901
318010183353
318010254166
318010044003
318000008240
318010983141
318010766521
318010183297
318010215878
318010766580
318010282885
318013741211
318010143256
318010322882
318010766861
318010172166
318000013021
318010183772
318010183777
318010811564
318010534817
318010183675
318010766205
318010765894
318010765921
318010183323
318010765996
318010067824
318010175497
318000003923
318010167499
318010054050
318010231434
318010766492
318000084062
318010513437
318010030465
318010186609
318010068012
318010460443
318010005282
318010183598
318010766621
318010185413
318010542996
318010766652
318010766286
318010137607
318010766308
318010183505
318010116170
318010206565
318010168608
318010295435
318010186021
318010731302
318010272010
318010183575
318010183585
318010038447
318010206290
318010031502
318010019583
318000024206
318000037637
318010780462
318000064287
318010183842
318010182544
318010182589
318010112959
318010072193
318010270120
318010183881
318010173824
318010182883
318010182907
318010270633
318000069795
318010183352
318010183509
318010379499
318010183536
318010864446
318010766478
318010038474
318010766535
318010766546
318010183315
318010766592
318010437786
318010022865
318010013564
318010183482
318010156249
318010171564
318012434652
318000021834
318010766897
318010391930
318010722232
318010005167
318010109512
318010183794
318010766659
318010081310
318010183816
318010183910
318010278315
318010622461
318010320774
318010416241
318010183869
318010257588
318010182691
318010781275
318010781284
318010430177
318010781525
318010781538
318010781544
318010267741
318010186977
318010175063
318000077597
318010159550
318010792632
318010183704
318000014932
318010445083
318010261404
318010302553
318010156041
318010012969
318010070708
318010766438
318010114940
318010034461
318010538650
318011521015
318010766613
318010177645
318010244767
318010183460
318010377330
318010227831
318010282068
318010766863
318010183761
318010016213
318000036437
318010766029
318010766032
318010279283
318010043121
318010629436
318010663386
318010183519
318010380011
318010241774
318010555838
318010766425
318010102163
318010018944
318010024409
318011528487
318010165925
318010112554
318010189313
318010868105
318010239125
