654010053846
654010053847
654010053850
654010053853
654010053855
654010053857
654010053858
654010053859
654010053860
654011107715
654010053861
654010967466
654010053862
654010053863
654010053864
654010053865
654010053866
654010054073
654010054074
654010054075
654010946013
654010054077
654010054078
654010054079
654010054080
654010054081
654010054082
654011024119
654010054084
654010054085
654010054086
654010054087
654010054088
654010054089
654010054090
654010054091
654010054093
654010054095
654010054096
654010054097
654010054098
654010054099
654010054100
654010053703
654010053704
654010053705
654010053706
654010053707
654010053708
654010053709
654010053710
654011045637
654010053711
654010053714
654010053715
654010053716
654010053717
654010053719
654010053720
654010053721
654010053722
654010053723
654011021971
654010053725
654010053727
654010053728
654010053729
654010053731
654010053733
654010053734
654010053735
654010053736
654010053737
654010053739
654010053740
654010053741
654011028725
654010053742
654010053743
654010053744
654010053867
654010053868
654010053869
654010053870
654010053871
654010053872
654010053874
654010053875
654010053877
654010053878
654010053880
654010053881
654010053882
654010053883
654010053884
654010053886
654010053887
654010053888
654010053889
654010053891
654010053892
654010053894
654010272969
654010934481
654010272971
654010272973
654010272974
654010272975
654010272976
654011029686
654010272977
654010272978
654010272979
654010272980
654010272982
654010272983
654010272987
654010272988
654010272989
654010272990
654010272991
654010272993
654010272994
654010272997
654010272998
654010272999
654010273000
654010273001
654010273002
654010273003
654010273004
654010273005
654010273007
654010273008
654010273010
654010053745
654010053746
654010053747
654010053748
654010053749
654011051471
654010053750
654010053752
654010053753
654010053754
654010053755
654010053756
654010053757
654010053758
654010053759
654010053762
654010053763
654010053764
654010053765
654010053766
654011002494
654010053768
654010053769
654010053770
654010053771
654010931531
654010909400
654010053772
654010053773
654010053776
654010053777
654010053778
654010053779
654010053780
654010053782
654010053783
654010053784
654010053785
654010053787
654010273011
654010273012
654010273014
654010273015
654010273016
654010273017
654010273018
654010273019
654010273020
654010273021
654010273022
654010273023
654010273025
654010273026
654010273027
654010273028
654010273031
654010948270
654010273032
654010273033
654010273034
654010273036
654011109371
654010273037
654010273038
654010273040
654010273041
654010273042
654010273043
654010273045
654010273046
654010273047
654010273048
654010273049
654010273050
654011029687
654011010871
654010053627
654010053628
654010053629
654010950142
654010053631
654010053632
654010053634
654010053635
654010053636
654010053637
654010053638
654010053639
654010053640
654010909398
654010053641
654010053642
654010053646
654010053647
654010053648
654010053649
654010053650
654010053652
654010053653
654010053654
654010053656
654010053657
654010053658
654010053659
654010053660
654010053661
654010909399
654011028724
654010053663
654010053665
654011127428
654010053666
654010053788
654010053789
654010053790
654010053792
654010053951
654010053952
654010053953
654010053954
654010053956
654010053957
654010053958
654010053959
654010909401
654010053960
654010053961
654010053963
654010053964
654011050756
654010053965
654010961557
654010053967
654010053968
654010053971
654010053972
654010053974
654010053975
654010053976
654010053977
654010053978
654010053979
654010053981
654010053982
654010053983
654010053984
654010053985
654010053986
654010053987
654010053988
654010053989
654010053991
654010053993
654010053667
654010053668
654010053669
654010053670
654010053672
654010053673
654010053675
654010053676
654010053677
654010053678
654010053679
654010053680
654010053682
654010053683
654010053684
654010053685
654010053686
654010053687
654010053688
654010053691
654010053692
654010272764
654010272765
654010272766
654010272767
654010272769
654010272770
654010272772
654010272773
654010272774
654010272775
654010272776
654010272777
654010272779
654010272780
654010272782
654010272783
654010272784
654010272785
654010272786
654010272787
654010272789
654010272790
654010272792
654010949052
654010272793
654010272794
654010910552
654010272795
654010272796
654010272798
654010272799
654010272800
654010272801
654010272802
654010053995
654010053996
654010922391
654011118557
654010272661
654010272662
654010272663
654010272665
654010272666
654010272667
654010272668
654010272670
654010272671
654010272672
654010272673
654010272674
654010272675
654010272803
654010272804
654010272806
654010272810
654010272811
654010272812
654011029685
654010272814
654010272815
654010272816
654010272817
654010272819
654010272820
654011067827
654010272821
654010272822
654010951030
654010272823
654010272824
654010272826
654010272827
654010272828
654010272829
654010272831
654010272832
654010910553
654010272834
654011111531
654010272835
654010272836
654010272838
654010272839
654010272840
654010272842
654010272676
654010272677
654010272678
654010272679
654010272680
654010272681
654010272682
654010272683
654010272686
654010272687
654010272689
654010272690
654010272692
654010272693
654010272694
654010272695
654010272696
654010272697
654010272698
654010272700
654010272701
654010272702
654010272704
654010272705
654010272706
654010272707
654010272708
654010272710
654010272712
654010272713
654010272714
654010272715
654010272716
654010272717
654010272718
654010961054
654010272719
654010272845
654010272846
654010272847
654010272849
654010272850
654010272851
654010272852
654010272854
654010910554
654010272856
654010272857
654010272858
654010272860
654010272861
654010272862
654010272863
654011059500
654010961908
654010536730
654010536731
654010536733
654010536734
654010536735
654010536736
654010536737
654010536738
654010536739
654010536740
654011065662
654010536742
654010536743
654010536744
654011126283
654010536745
654010536746
654010272864
654010272865
654010272866
654010272867
654010272868
654010272870
654010272871
654010272872
654010272873
654010272874
654010272876
654010272877
654010272878
654010272879
654010272880
654010272562
654010272563
654010272564
654010272565
654010272566
654010272567
654010272569
654010272571
654010272572
654010272573
654010272574
654010272575
654010272576
654010272579
654010272580
654010272581
654010910550
654010272582
654010272583
654010272585
654010272586
654010272587
654010272588
654010272589
654010272590
654011029682
654011106623
654010272592
654010272593
654010272595
654010272596
654010272597
654010272598
654010272720
654010272721
654010272722
654010272723
654010272724
654010272725
654010272727
654010272728
654010272729
654010272730
654010272731
654010272732
654010272733
654010272734
654010272737
654010272739
654010272740
654010272741
654010272742
654010272743
654010272744
654010272745
654010272746
654010272747
654010272749
654010272750
654010272751
654010272752
654010272753
654010272754
654010272755
654010272756
654010272758
654010272759
654010272761
654010536747
654010536748
654010536749
654010536750
654010536751
654010536752
654010536753
654010536756
654010536758
654010536759
654010536760
654011011310
654010536762
654010536763
654010536764
654010536765
654010536766
654010536767
654010536768
654010536769
654010536770
654010536772
654010536773
654010536776
654010536777
654010536778
654010536779
654010536780
654010536781
654011043353
654010924249
654010536783
654010536784
654010536785
654010536786
654010536787
654010536788
654010272881
654010272882
654010272884
654010272886
654010272888
654010272889
654010272890
654010272892
654010272893
654010272895
654010272897
654010272898
654010272899
654010272900
654010272901
654010272902
654010272903
654010272904
654010272905
654010931756
654010272907
654010272908
654010272909
654010272910
654010272911
654010272915
654010272916
654010272917
654010272919
654010272920
654010272921
654010272922
654010272923
654010272924
654010272925
654010272601
654010272602
654010272603
654010272604
654010272605
654010272606
654010272608
654010272610
654010272611
654010272612
654010272613
654011049757
654010272614
654010272616
654011007431
654010272617
654010272618
654010272619
654010272620
654010272621
654010910551
654010272622
654010272623
654010272626
