461004944798
461004944812
461004944807
461004945059
461004945148
461004945166
461004945185
461004963117
461004963186
461004963196
461004963267
461015161682
461015161683
461005161693
461005178627
461005178770
461005178819
461005178835
461005178840
461005179278
461005179297
461005179443
461005179453
461005179538
461004910044
461005016850
461005017083
461005017216
461005017224
461005017227
461005017226
461005017228
461004962541
461005053321
461014980889
461004981324
461004998785
461004962459
461004945274
461004945347
461004962456
461004962830
461004963520
461004963171
461004963003
461005161686
461004909712
461004909774
461004910183
461004910287
461004926470
461004926491
461005178639
461005178884
461004909701
461004909786
461004944702
461005017086
461004998520
461004998524
461004998586
461004963352
461004980780
461004998816
461004962966
461004999247
461004999267
461004999318
461004999486
461014999505
461004980711
461004980870
461004980885
461005178623
461005178752
461005178827
461005179556
461005179594
461005179614
461004909512
461004910061
461004910345
461004926684
461004926943
461004926929
461004981227
461004981259
461004926611
461004926688
461004926738
461004926893
461004926862
461004927097
461004927420
461004944455
461004944924
461004945035
461004945303
461004962438
461004962464
461004962485
461004962493
461004962563
461004944830
461004944876
461004945061
461004945095
461014962589
461004962592
461004962659
461005017107
461015017283
461004998601
461004963491
461004963511
461004980910
461004980902
461004980931
461004963140
461004963155
461004962827
461004980739
461004981152
461004998720
461004998626
461004963397
461004963483
461004981043
461004981092
461004926994
461004927091
461004944726
461004944775
461004945149
461004945102
461004981279
461005179172
461005179427
461005179469
461004909632
461004909749
461004909748
461004909819
461004909974
461004910224
461004910399
461004910357
461004926476
461014926663
461004926757
461004926916
461004944470
461004944597
461004944594
461004945139
461004962569
461004962825
461014981308
461004980523
461004963259
461004963272
461004963288
461005178871
461005178953
461005178957
461005179048
461005179685
461004909649
461004910051
461004910134
461004910288
461004910347
461004910327
461004910567
461004926377
461004945138
461004945360
461005053400
461004998723
461004998736
461004998732
461004980502
461004980519
461004962838
461004962905
461004962904
461004962990
461004962985
461014962978
461004962620
461004962695
461004909667
461004909704
461004910473
461004926764
461004927109
461005016894
461005016904
461004998769
461004963007
461004998612
461004963128
461004962619
461005017037
461005017045
461005017051
461004998849
461004963040
461005053328
461005089544
461005053339
461014998941
461004999259
461004999277
461004999361
461004999378
461004999541
461004999543
461004999484
461005016466
461005179134
461004962643
461004998801
461004998806
461004998832
461014981022
461004980589
461004980668
461004963273
461004962749
461005016947
461005016959
461005017292
461005017302
461014981234
461004981325
461004963268
461004963270
461004963266
461005017235
461004999469
461004999529
461005016492
461004999549
461004999533
461005016630
461004909496
461004909531
461004909564
461004909828
461004909999
461004910201
461004910192
461004910388
461004910603
461004926605
461004926861
461004926925
461004926975
461004926991
461014927050
461004927102
461004927301
461004927367
461004944648
461004944769
461005178619
461005178673
461005178676
461005178794
461005178979
461005179108
461004998454
461004998525
461004998824
461004998830
461004980571
461004981226
461004998993
461014999040
461004999134
461004999124
461004999137
461004999219
461004999223
461004980661
461005016970
461015017305
461005017309
461014998865
461004998873
461004981277
461004981349
461005053338
461005089559
461005089572
461005089579
461005089600
461005089610
461005089611
461005089614
461014981296
461014980537
461004981095
461014944754
461004945127
461005179123
461015179521
461004909534
461004909481
461005179714
461004909539
461004909511
461014909638
461004909783
461004909775
461004926525
461004926623
461014926955
461004927052
461004927106
461004998648
461004980720
461004980597
461004963161
461004909834
461004909978
461004926821
461004926921
461004927321
461004927349
461004944784
461014944858
461004999237
461004999514
461005016631
461005016628
461015016640
461005016661
461005178672
461015178898
461015178903
461015178891
461015178908
461005179194
461005179381
461005179484
461005179514
461005179615
461005179698
461005179701
461004909488
461005016892
461005016893
461004962656
461005106557
461004998750
461004962768
461004963336
461004963348
461004909838
461004909856
461004927237
461004944414
461004945018
461004945036
461004945042
461005178927
461005179211
461005179253
461005179339
461005179478
461004909494
461004909684
461004910350
461004910560
461004910586
461004926546
461014926647
461004926696
461004926658
461004926709
461004926733
461014926812
461004926852
461004926835
461004998896
461004998918
461004998992
461004998970
461004909554
461004909658
461004909641
461004909715
461004909794
461004909796
461004909945
461004927108
461014944389
461004944423
461004944447
461004944493
461004944620
461004944671
461004945094
461004981345
461004962837
461005016921
461004998453
461005017165
461005017169
461005053332
461015053375
461005016798
461005016799
461005016800
461004980806
461015106544
461005179448
461005179667
461004909589
461004910523
461004910564
461004998523
461004981472
461004944752
461004981150
461004998551
461004998573
461004981362
461005016553
461005016581
461004998445
461004981221
461004980846
461004980887
461005017566
461005034609
461005106575
461004998629
461004998640
461004980900
461004980924
461004998869
461004998792
461005017221
461005017217
461005089231
461005089551
461015017238
461005017289
461004926371
461004926425
461004926675
461004927181
461004927374
461004927461
461004945294
461004962409
461004945473
461004962553
461004962538
461004998861
461004980886
461014980918
461005016819
461005053372
461005017105
461004998911
461004998915
461004998684
461004909753
461004909919
461004909967
461004910480
461004910517
461004910543
461004910537
461004980829
461004980878
461005017253
461005089598
461005161692
461005178687
461005178694
461005178890
461005178914
461005178964
461005178962
461005178977
461005179014
461015178971
461005179021
461005179040
461005179063
461015179085
461005179070
461005179251
461005179312
461005179370
461005089608
461005089630
461004999017
461004999133
461004999097
461004999290
461004999311
461005016566
461004980852
461005016831
461004999379
461005016450
461005016572
461005016508
461005016860
461004998703
461004998738
461004910554
461004910575
461004926487
461014926800
461004926958
461004927079
461014927209
461004944542
461004944829
461004944959
461004944949
461004945147
461004945300
461004945267
461004962849
461004981334
461005089628
461005179398
461005179387
461005179541
461005179546
461005179595
461014909648
461014909946
461014910216
461004910270
461004910470
461014910476
461004910516
461004910604
461004910596
461004926390
461004926409
461004926479
461004926477
461004926748
461004926758
461004926755
461004926823
461004927051
461004927068
461014927094
461004998661
461014998730
461004998731
461014945458
461004981113
461004981116
461005016844
461005016852
461005016869
461004998815
461004998818
461004998859
461004998630
461005017004
461005017009
461005017300
461004927148
461014927178
461004927183
461004927389
461004927417
461004944400
461004944453
461004944450
461004944465
461004944524
461004944577
461004944900
461004944914
461004944947
461004944963
461004944993
461004945002
461004945054
461004945086
461004945116
461004945123
461004945186
461005016975
461004980821
461004980854
461004981023
461005178885
461005179075
461004981199
461004981250
461004981245
461005016881
461004998874
461004999000
461004998891
461004999039
461004999095
461005017016
461015017026
461005017307
461004945305
461004945312
461004945438
461004945378
461004945351
461004945215
461004945372
461004962429
461004945308
461004962443
461014945368
461004945433
461004945401
461014945413
461004945452
461004962424
461004962463
461004962517
461004945399
461004962406
461004962437
461004962447
461004962442
461004945481
461004962496
461014962440
461005017183
461004998449
461004963442
461004980582
461004980701
461004980696
461005179362
461004910189
461014910194
461005016787
461004980916
461004998784
461004963354
461015017212
461004980730
461004945482
461005016733
461005016737
461004963472
461004998678
461005178781
461005178968
461005178952
461005179173
461005179356
461005179579
461004909522
461004909637
461004909889
461004999020
461004962560
461005016690
461005017298
461004980877
461004980991
461004980864
461004963065
461004963116
461004962972
461004909907
461004909921
461004909964
461004910026
461004910073
461004910121
461004910297
461004910587
461004926518
461004926590
461004926666
461014926789
461004926867
461004926875
461004926896
461004927013
461004927121
461004927171
461004944431
461004944614
461004944660
461004999136
461004999222
461004981158
461005016974
461004980771
461004980993
461014981494
461004980794
461004963322
461004981028
461004981045
461004981058
461004980777
461004980795
461004962890
461004962945
461004944750
461004944742
461004944853
461004944875
461004945000
461004945005
461004945128
461004999069
461004999014
461004999192
461004999231
461004999276
461004999371
461004999348
461004999455
461004999357
461005016457
461005016555
461004998476
461004998553
461004980997
461004981031
461004980494
461004980491
461004980969
461004981041
461004981046
461004980570
461014980567
461004980588
461004980594
461005178740
461005178810
461005016793
461004962795
461005016794
461004998984
461004998907
461004998932
461004998978
461004998944
461004998921
461004999023
461014999043
461004999089
461004999059
461004999327
461004999502
461014999524
461005016558
461005016559
461005016599
461004980568
461005017335
461004962658
461004981305
461004981497
461004981537
461004963488
461004963510
461004980544
461004980556
461014980638
461005016986
461015016926
461005016993
461004980803
461004981225
461004963191
461004963185
461014926642
461004926877
461004927287
461004927292
461004927364
461004927432
461004944649
461004944804
461004945024
461004945110
461014945454
461005017093
461005017094
461005034572
461004962700
461004962726
461005178663
461004998937
461004999028
461004999406
461014999546
461004998441
461004980792
461004980810
461004980982
461005106582
461004981213
461004998986
461004999008
461004998969
461004999145
461004999173
461004999269
461005016647
461004981204
461004980674
461004998764
461005017154
461005017161
461005017167
461005017168
461004980718
461004981243
461004981257
461005017106
461004963208
461005016582
461004999081
461004999271
461004999331
461004999443
461015016571
461005016536
461005016552
461005016779
461004998558
461005089639
461005106547
461004980770
461004963167
461004963160
461004963094
461004963263
461005017076
461005017079
461004981287
461004981291
461004963201
461004963298
461005178862
461004909540
461004909586
461004909879
461004909912
461004926618
461004945111
461004945106
461004945411
461004980437
461004909515
461004909714
461004909837
461004909859
461004910179
461004910461
461004910505
461004910477
461004910500
461004926400
461014926730
461004926787
461004926833
461004926910
461004926902
461004945001
461004945038
461004981368
461005016932
461015016937
461005016945
461005016989
461014981159
461004963395
461004963410
461005017143
461005017147
461005017156
461015017155
461004980768
461004980872
461004963009
461004963041
461004963044
461014963047
461004963023
461004963024
461004963276
461004981512
461004998460
461004998483
461004998485
461015016941
461005178841
461005179042
461005179069
461014944607
461005178736
461005178941
461015179095
461005179100
461004980623
461004980636
461004945272
461014945225
461004945441
461004962504
461015106711
461004981313
461004998677
461004945210
461004998452
461005089562
461004962719
461004962712
461004962757
461004998848
461005017000
461004981138
461004981186
461004981201
461005178611
461005178712
461005179065
461015179105
461005179315
461005179716
461004909743
461014910002
461004910014
461004910082
461004910456
461004910580
461004926549
461004998740
461005016697
461005016705
461004945221
461004945394
461005089636
461004981191
461004962834
461004980640
461004980684
461004980685
461004998872
461004998881
461014926655
461004926806
461004927139
461004963176
461004927255
461004927317
461014944403
461004944662
461004944694
461004944691
461004944905
461004962411
461004945289
461004962811
461004998540
461004963032
461004998831
461005106751
461005106761
461005106764
461004962423
461004962617
461005016834
461005016855
461005178919
461015178959
461005178938
461005179024
461004909553
461004909681
461004909683
461004944706
461004945060
461004945414
461004945412
461004945444
461005106623
461004980845
461005016911
461004963162
461004999037
461014999019
461004999132
461004999168
461004910394
461004910518
461004926472
461004927201
461004927285
461004927357
461004927455
461014944538
461004945334
461004945510
461005106766
461005016889
461005016900
461004963175
461004963177
461004963271
461004909790
461014909724
461004909846
461004910027
461004910374
461004926739
461004926871
461004926936
461004927005
461004927182
461004927266
461004927253
461004944624
461004944661
461004944686
461004944821
461004944877
461005016935
461004981030
461005106656
461004981016
461004999210
461004999203
461004999228
461004999240
461004999301
461004999373
461004999233
461004999321
461004999391
461004999432
461014999353
461004999272
461004999499
461004999474
461004999415
461004999392
461004999522
461004999405
461004999423
461005016487
461005016463
461005016494
461005016557
461005016516
461005016531
461005017021
461005017024
461005106565
461005106783
461004962615
461004962836
461005016938
461005017100
461015178617
461015178625
461005016715
461005016720
461005178933
461005179061
461005179419
461005179395
461005179451
461014927249
461014927319
461004944463
461004944468
461004944791
461004944975
461005179317
461005179693
461004909622
461004909623
461004910259
461004910465
461004926469
461004926770
461004926895
461004926934
461004927001
461004927117
461004927175
461004927299
461004981168
461004981200
461014981286
461014981239
461004998657
461004998683
461004998701
461004998742
461004999120
461004999212
461004999243
461004999218
461004999245
461004999441
461004999483
461004963277
461004963282
461015178690
461005178691
461015179180
461005179195
461004945192
461004998647
461004944895
461004945078
461004945081
461004945143
461004945173
461004945342
461004945213
461004962460
461004981504
461004981536
461004981534
461004998462
461005016732
461004963172
461004963210
461004981340
461004962933
461004962912
461004981264
461005017350
461005017375
461004963164
461004963190
461004963199
461004963203
461005179656
461004909524
461004909535
461004945418
461004962441
461004945239
461004945278
461004945423
461004999338
461004999453
461004999547
461005016460
461015016468
461005016642
461005179274
461004909657
461004909688
461004910038
461004910340
461004926622
461004963345
461004980998
461004981009
461005017080
461004981320
461004981350
461005017220
461005106666
461004998479
461004998487
461004980756
461004980766
461004980779
461004980793
461004980913
461004963125
461014927172
461004927318
461004944475
461014944473
461004998544
461004927084
461005179358
461005179391
461004926731
461004927132
461004927260
461004927356
461004927470
461004927468
461004927473
461004944415
461004944396
461004927493
461004944406
461004944548
461014944591
461004944651
461014981501
461004981521
461004980863
461004981090
461004981091
461004980733
461004962879
461004998625
461005016821
461004963096
461004963122
461004963124
461014980926
461004981052
461004981098
461004981071
461004981096
461005017232
461005106678
461004944697
461004944703
461004944733
461014944814
461004944819
461004944824
461004944864
461004944950
461004945083
461004945233
461004945302
461004945310
461004945382
461004962551
461004998457
461004998471
461004963147
461004963212
461005106631
461005106657
461005178769
461005178978
461004909942
461004926433
461004926385
461004926750
461004927256
461014927409
461004944794
461004963248
461004963269
461005017293
461005161696
461005178954
461005179349
461004909948
461004909873
461004910424
461004926499
461004926529
461004926528
461004926911
461004927072
461004927147
461004927443
461004944395
461004944652
461004963178
461004963173
461004909777
461004909736
461004909900
461004910130
461004910143
461004910284
461004910433
461004926570
461004926692
461004926754
461004926872
461004927369
461004944466
461004944557
461004944693
461005017135
461005178939
461005179029
461005016991
461004962652
461004963504
461004963183
461004909788
461004910358
461004926463
461004926532
461004926712
461004926894
461004926869
461004927222
461004927216
461004944602
461004944673
461004945167
461004962678
461005016635
461005016683
461004910219
461004910557
461004926791
461004926967
461015017523
461005178614
461005178829
461004962579
461004963211
461005106700
461004962598
461004962816
461004927114
461004944544
461004944566
461004944720
461004944776
461014981452
461005017125
461004909731
461004910168
461004910381
461004910534
461004926422
461004926914
461004963059
461004963064
461004981283
461004980516
461014981285
461004999012
461004998996
461004999058
461004999139
461004999130
461004999158
461004999068
461004999188
461005016888
461005016916
461005017117
461004962667
461004962781
461004963067
461004981292
461004944601
461004944728
461004981541
461004998469
461004963104
461004963145
461004998913
461004998961
461004999100
461004999103
461004999114
461004999179
461004999360
461014999328
461004999372
461004999434
461004999424
461004999521
461004999446
461005053319
461004963308
461004980465
461004927294
461004927313
461004927370
461004944681
461004945082
461004945180
461004945206
461004962693
461005017286
461005106570
461005016843
461005016862
461004980585
461004980591
461014999156
461004999170
461004999194
461004999198
461004999273
461004999500
461004999494
461005016613
461004999520
461005016964
461005089606
461005089612
461014980540
461004981010
461004963049
461004963031
461005106693
461004980612
461014980683
461004963429
461004963481
461004998545
461004999507
461004999556
461015016512
461004999535
461005016576
461005016545
461004999451
461005016510
461014999516
461004999539
461005016629
461005016664
461005089573
461005089594
461004963382
461004962806
461005034795
461005071332
461004998438
461004998715
461004981270
461004981254
461004981301
461005016734
461005016978
461004944778
461004944805
461004944832
461004944869
461004944903
461004945058
461004945467
461004998864
461014998854
461005017214
461004962754
461005089604
461005089617
461004998456
461004998518
461004998532
461004980797
461004980485
461004962718
461005016769
461005016773
461005089429
461015089536
461005089535
461005089561
461005106837
461004963193
461004980492
461004980538
461015106818
461005178622
461005178604
461004980621
461004980651
461004981432
461005178675
461005178726
461005178786
461005178817
461015178798
461004998459
461015016877
461004980822
461004981014
461004981131
461005106643
461004980658
461004998923
461004999230
461004999342
461005016530
461005016567
461005016503
461005016658
461005178666
461015178761
461005178750
461005178920
461005178955
461005178982
461005178966
461005178946
461005179122
461005179156
461005179148
461005179331
461005179375
461005179424
461005179415
461004909928
461004927330
461004944515
461004945056
461004945070
461004945152
461004980486
461014980808
461004981169
461005016950
461015016952
461005016969
461005016977
461005016985
461005106786
461005178974
461005178994
461004963135
461004963126
461004980652
461004980724
461005016811
461005016814
461005178610
461005178849
461005178855
461005178851
461005178922
461005179139
461005179301
461005179470
461004980722
461005016878
461005016908
461004980577
461004980610
461004981218
461004980648
461004981008
461005016981
461015016992
461005179175
461005179200
461005179257
461005179242
461004981160
461014981166
461014981193
461004981222
461004963473
461004963527
461004980427
461004963220
461005016574
461005016518
461005016605
461005016607
461015179581
461004909596
461004909612
461004909599
461004909767
461004909930
461014909950
461004910104
461004910530
461004926434
461004926607
461004926714
461004926976
461004944611
461004944623
461004944667
461004944725
461004944777
461004944815
461004944951
461004944931
461004945031
461004945049
461004945091
461004962882
461004980867
461004962885
461005106560
461015106567
461015106566
461005161699
461005178601
461005178655
461005178652
461005178660
461005178765
461005178824
461005178863
461005178998
461005179027
461005017001
461005178621
461005178782
461005178809
461004963066
461004963081
461015016542
461005016646
461005178616
461015178656
461004998512
461004963292
461004963299
461004998822
461005016824
461004945448
461004962428
461004945427
461014962909
461004998880
461005016988
461005179346
461005179431
461005179473
461005179482
461005179489
461005179513
461005179532
461004963334
461004963347
461004963514
461004998858
461004981538
461004962713
461014963371
461004963113
461004963260
461005016784
461005016816
461005016817
461005016872
461005178696
461005178749
461005178739
461005178945
461015179008
461005179034
461005179037
461005179298
461005179574
461005179580
461005179596
461005179665
461005179711
461004909555
461004909525
461004909671
461004909655
461004909561
461004909631
461004909784
461004909818
461004909860
461004909903
461004909861
461004980847
461005016868
461005016901
461005178662
461005178665
461005179067
461005179420
461005179452
461014909693
461004910142
461004910234
461004910255
461004910261
461004910373
461004910400
461004910425
461004910435
461004910532
461004910559
461004910519
461004926402
461004926381
461004926617
461004926621
461004926799
461004963089
461004963188
461004962588
461004962603
461015016994
461005017028
461005017039
461005179585
461005179627
461005179666
461005179606
461005179632
461005179641
461004909519
461005179709
461004909508
461004909552
461004909506
461004909578
461004909533
461004909598
461004909548
461004909507
461004909544
461004909547
461004909717
461014909720
461014909710
461004909764
461004909781
461004909806
461004909805
461014909866
461014909816
461004909871
461004909918
461004998474
461004998536
461004963055
461005017213
461005034793
461004963286
461005016995
461005106887
461004910019
461004910036
461004910045
461004910054
461004910068
461004910124
461004910125
461014910148
461004910116
461014910182
461004910163
461004910137
461004910222
461004910260
461004910268
461004910322
461004981040
461004981074
461004981087
461004980994
461004981081
461004981084
461004981094
461004981070
461004981124
461004980451
461004980452
461004980764
461004962704
461004999304
461004999326
461004999388
461005017085
461005017127
461005017186
461014981206
461004998537
461004998543
461004998555
461004998613
461004963063
461004999263
461004999282
461004999420
461005016454
461004999501
461005016458
461004981515
461004910359
461004910369
461004910382
461004910411
461004910419
461004910443
461004910514
461004910475
461004910520
461004926410
461004926459
461004926504
461004926486
461004926490
461004926519
461004926534
461004926530
461004926557
461004926584
461004926619
461004926706
461004926772
461004981266
461004980426
461004980428
461004963158
461004963309
461004998930
461004998957
461004998920
461004999003
461014998977
461005016621
461004998511
461004963034
461005017047
461005106908
461004926778
461004926790
461004926839
461004926878
461004926970
461004926924
461004926972
461004927029
461004927218
461004944460
461004944501
461004944599
461014944892
461004944958
461004962461
461004962544
461004981444
461004962893
461004981357
461004962936
461005034678
461015106717
461005106739
461004909910
461004909980
461014910009
461004910013
461014910024
461004910034
461004910131
461004980626
461004980643
461004998887
461004998900
461004998950
461004999204
461004998847
461005106872
461004998793
461004963339
461004998825
461004962640
461004962973
461005017050
461005017142
461004963343
461004963356
461004963332
461014980563
461004980586
461004910171
461004910177
461004910115
461004910292
461004910361
461004910304
461004910413
461004910592
461004910601
461004926397
461004910589
461004926408
461004926440
461004998708
461004998719
461004998727
461005016643
461005016674
461005017138
461015017152
461004998508
461005179258
461005179262
461015179282
461005179413
461005179439
461005179407
461005179440
461005179557
461005179531
461004998820
461004998836
461004963106
461004963109
461004963142
461004963149
461004944945
461005106682
461005106685
461004998664
461004926457
461004926415
461004926428
461004926416
461004926542
461004926554
461004926566
461004926558
461004926599
461014926652
461014926654
461004926751
461004926865
461004926889
461004926888
461014926857
461014926883
461004926979
461004927009
461004927056
461004927080
461004980691
461015017175
461004998635
461005179601
461005179679
461005179669
461004909486
461004909518
461004909605
461004909563
461004909768
461004909716
461004909844
461004909925
461004910005
461004910365
461004910355
461004910453
461004910511
461004926782
461004926930
461004926986
461004927031
461004927082
461004927130
461004927167
461005017189
461005017237
461014981360
461005016718
461004963213
461004998577
461004998770
461004998781
461004998953
461004999152
461004962969
461004963237
461004998807
461005089526
461005089577
461005089596
461015089603
461004927103
461004927203
461004927212
461004927238
461004927239
461004927335
