235010580398
278013017413
247010712813
251010605470
229010603564
211010543493
239010405128
210010386765
278013016858
278013017621
278013017632
211010543675
278013017738
278013017692
278013017808
278013017951
239010405266
278013018008
278013018032
251010605558
278013018036
278013018950
278013018971
278013018987
278013018984
278013018995
211000047526
253010424333
247010712732
251010605379
278013016455
278013016630
278013016678
278013016756
278013016771
239010405130
260010297856
278013016911
251010605374
235010580413
251010605481
278013017497
278013017506
278013017512
278013017513
247010712726
239010405135
278013016882
278013016884
235010580332
278013018062
278013018073
210000033849
229010603799
229010603800
278013018097
260010298010
235010580668
278013019496
210010386994
260010298048
278000171542
211010544068
229000054518
278013019520
278013017612
278013017670
211010543682
278013017684
251010605519
211010543674
251010605516
239010405250
278013017726
278013017741
211010543553
253010424354
239010405164
239010405171
278013018131
278013018141
278013018140
278000171372
278013018147
235010580488
251010605748
211010543972
247010713093
278013019525
211010544074
278013019529
251010605855
278000171552
278013019572
278013016424
278013016472
278013016484
278013016487
278013016641
278013016652
278013016664
278013016669
278013016702
278013016617
239010405107
260010297864
278013017754
278013017760
229010603762
251010605528
239010405174
251010605579
251010605581
278013017000
278013017005
278013017019
278013017038
211010543543
211010543547
278013017068
253010424355
251010605757
251010605759
278013019067
278013019072
247010713106
278000171496
278013019119
278013019122
278013016739
247000046845
251010605306
229010603562
278013016789
235010580315
247010712757
247010712890
278013017798
278013017803
278013017806
229010603766
278013017805
253010424434
278013017819
229010603653
278013018234
260010297950
211010543777
260010297953
229000054417
251010605403
229010603983
229010603993
278013019160
211010543997
278013019182
278013019195
278013019194
251010605794
253010424614
278013019591
235010580771
278013019602
278013019610
211010544103
278013019646
278013019649
278013019651
278013019655
278013016874
278013016908
210010386770
278013016753
278013017158
278013017837
278013017860
211010543713
278013017864
278013017862
278013017875
278013017874
278013017198
229010603679
251010605609
210010386888
235000056168
278013018300
278013018305
278013018316
278013018318
211010543589
278013017237
278013017240
278013017253
278013019199
211010544001
210010386968
278013019202
278013019211
260010298019
247010713115
278013019222
247000046912
278013019666
211010543532
251010605412
278013017923
278013017938
278013017968
235010580463
278013018002
211010543728
278013017254
278013017282
251010605447
278013017312
278013017330
210010386818
278013017338
211010543797
210010386894
260010297959
278013018337
278013018347
278013018350
253000041562
235010580517
235010580522
239010405202
211010543618
235010580395
247010713117
211010543484
278013019677
278013019691
210010387010
229010604070
251010605896
211010544114
278013019720
251010605898
239000036587
278013019748
278013019781
278013019787
278013016996
278013016388
229010603543
278013017179
247010712785
278013017200
278013018024
278013018025
211010543732
229010603791
229010603793
278013017382
229010603849
278013018381
251010605626
229010603854
211010543811
253010424503
235010580531
278013018419
211010543604
260010297901
210010386817
278013017348
278013017360
278013017366
278013017371
211010544005
239010405454
229010604012
278013019257
278013016507
278013016645
278013016659
278013016646
278013016686
278013016779
247010712722
247010712725
211010543509
211010544138
278013019847
278000171293
278013016799
278013016743
235010580322
229010603661
253010424373
278000171342
278013016894
235010580331
211010543525
260010297963
278013018443
278013018454
235010580547
235010580543
278013018467
278013017402
278013017432
251010605507
229010603749
278013017685
247010712874
235010580452
251010605525
278013017782
278013017790
278013017964
211010544013
229010603554
235000056099
278013016844
278013016859
278013016893
278013016942
278013017177
278013017230
278013018050
278013018052
278013018471
211010543822
278013018475
278013018485
278013018522
278013018526
278013018524
229010603880
251010605370
211010543526
251010605560
210010386866
235010580471
278013018088
253010424337
211000047535
278013016864
211010543519
278013016904
278013016900
278013016898
278013016925
278013016970
278013017144
278000171330
253010424363
251010605430
235010580378
278013017267
251010605437
278013017279
235010580392
278013017379
247010712809
278013017381
235010580294
253010424360
235010580360
260010297894
278013016735
210010386758
211010543480
278013017383
278013017100
210010386793
253010424361
229010603636
278013017161
229010603655
278013017170
247010712781
211010543580
235010580369
278013017210
278013017212
251010605424
251010605450
278013017399
247010712827
247010712768
211010543585
210010386821
278013017410
278013017415
278013017433
211010543647
247010712830
253010424372
278013017213
247010712832
229010603729
211010543653
211010543638
251010605487
278013017533
278013017542
278013017541
229010603736
278013017558
278013016383
211010543582
278013017211
251010605293
278013016426
278013016531
278013016539
278013016541
278013016544
278013016637
278013016565
278013016701
278013016615
278013016733
278013016736
211000047524
278013016457
278013016723
239010405112
247010712706
278013016966
278013016410
278013016520
278013016528
278013016526
253010424322
278013016744
278013016764
251010605326
278013016775
211010543483
247010712707
278013016811
278000171295
278013016831
278013016843
260010297885
253010424327
211010543486
251010605348
278013016822
278013016452
278013016975
278013016981
251010605302
251010605332
229010603574
247010712711
247010712720
210010386768
278013016926
260010297897
278013016962
278013016971
235010580371
235010580373
229010603670
278013016374
278013016973
278013017121
211000047577
229010603681
239010405197
251010605434
239010405198
253010424393
278013017155
278013017323
247010712805
251010605471
278013017453
211010543657
278013017519
278013017061
239010405178
260010297847
278013016846
251010605361
278013016865
278013016871
278013016883
278013016946
211010543535
278013017022
235010580348
278013017023
278013017040
210010386795
251010605415
278013017204
278013017226
278013017231
229010603671
278013017404
278013017425
278013017502
211010543658
278013017520
235010580469
278013018063
278013018064
278013018069
278013018070
278013018067
251010605448
251010605451
260010297906
235010580396
278013017380
253000041541
278013017228
210010386881
247010712968
247010712969
211010543779
278013018238
251010605602
247010712971
278013018080
260010297942
251010605574
278000171374
278013018223
278013017437
210010386833
229010603722
229010603727
278013017503
251010605288
229010603693
278013017264
239010405199
278013016421
211010543485
251010605488
229010603833
211010543788
278013018284
278013018294
239010405281
229010603820
247010712855
278013017651
278013017653
278013017764
278013017783
251010605526
229010603649
278013017172
278013017532
210010386889
278000171381
239010405316
239010405320
239010405322
278013018329
251010605622
278000171360
247010712906
210010386860
239010405269
210000033853
210010386895
253010424495
278013018382
251010605628
251010605627
278013018123
278013018142
251010605576
239010405292
278013018209
211010543743
247010712940
260010297944
239010405101
251010605297
210010386754
278013016441
278013016486
278013016503
278013016508
278013016547
278013016578
278013016577
278013016653
278013016714
278013016717
278013016610
211010543459
229010603552
278013016794
278013017041
278013018166
247010712953
235010580318
278013016827
278013016833
239010405127
251010605356
251010605358
211010543506
251010605375
278013016917
251010605376
278013016381
278013016431
210000033815
278013016482
278013016490
211010543449
278013016397
278013016399
278013017483
278013016572
278013016657
278013016554
278013016632
278013016651
278013016675
278013016711
239010405109
247010712697
278013016774
235010580310
235010580317
251010605372
278013016913
278013016930
278013016463
278013016603
278013016693
260000026428
251010605300
278013017524
278013017549
211010543662
278013017572
278013017576
278013017585
278013016787
278013016800
247010712714
278013016829
278013016747
211010543470
247010712692
235010580309
229010603748
278013017675
278013017687
251010605513
278013017720
278013017717
251010605523
278013017761
278013017759
229000054410
260010297889
251010605360
235010580342
278013016948
229010603765
235010580454
210010386801
278013017160
278000171333
260010297865
278013017025
278013017070
278000171322
239010405152
278013017015
211010543538
229010603623
253010424356
278013017823
251010605539
235010580455
229010603707
278013017419
278013017567
278013017566
247010712877
278013017703
253010424420
278013017112
278013017132
251010605407
211010543573
278013017922
239010405260
211010543720
247010712910
278013018015
278013018043
278013018048
278013018049
278013017734
278013017802
278013017814
278013017881
278013018077
235000056145
211010543753
278013018172
278013016999
278013017017
278013017062
235010580359
239010405172
251010605404
210010386802
278013017153
229010603647
278013017242
251010605442
210010386814
247010712801
211010543763
278013018181
239010405296
278013018197
229010603821
235010580500
239010405180
229010603650
253010424369
239010405186
278013017183
253010424397
253010424400
253010424394
278013017293
260010297903
251010605453
229010603708
278013017365
239010405209
278013017385
278013018051
260010297896
211010543588
278013017244
278013017252
278013017440
278013017445
239010405223
278013017449
278013017450
251010605479
247010712825
229010603724
278013019960
251010605993
251010605995
278013016979
229010603541
251010605438
278013018539
239010405351
235010580552
235010580483
211010543770
211010543781
278013018260
278013018265
211010544214
235010580900
278013020296
251010606040
239010405634
239010405635
278013020365
278013020373
229010604163
235010580912
278013020397
211010544249
229010604174
278013020430
278013020436
278013020449
235010580918
251010606054
278013020551
278013020559
278013020576
278013020589
278013020601
278013020608
278013020640
278013020665
278013020673
211010543590
278013020221
278013020318
229010604261
210010387100
251010606123
253010424794
235010580880
211010544361
253010424798
211000047518
211010543617
253010424401
247010712804
211010543631
278013017428
235010580414
247010713196
247010713195
239010405546
260010298014
239010405480
278013017397
247010712814
278013018916
278013019008
278013017232
278013017284
278013017291
278013017333
278013017147
278013017245
278013020401
278013020399
251010606072
278013020723
278013020722
247010713280
239010405682
239010405698
210010387085
251010606089
239010405706
239010405710
278013020881
211010544300
278013020903
211010543555
211010544329
278013021011
235010580961
278013021030
239010405483
229010604299
278013021231
278013017590
229010603751
239010405167
278013017133
229010604006
278013019459
229010603920
278013018669
278013018696
235010580512
235010580523
251010605630
235010580574
278013020904
251010606101
278013020932
278013020940
278013020942
278013020948
278013020956
260010298138
235010580436
229010604172
278013020567
251010606064
278013020587
278013020590
247010713267
210000033950
211010543614
278013020393
278013020893
211010544409
235010581014
247010713248
278013021261
235010581016
247010713142
278013019383
235010580722
278013020685
239010405702
278013017637
278013017660
247010712871
278013017709
278013017816
278013016997
229010603599
278013017009
278013017037
239010405153
247010712755
278013017106
278013017707
251010605318
247010712721
239010405435
229010604047
251010605857
278013019594
247010713172
278013019627
211010544093
211010544097
235010580797
278013019763
251010605904
251010605910
278013019861
278013020991
211010544322
247010713305
278013020998
278000171404
253010424565
251010605745
278013021058
278013018462
278013021123
251010606158
278013020816
253010424820
251010606050
251010606055
278013020477
253010424764
278013020734
251010606170
235000056243
278013021282
278013017891
239010405261
278013017965
251010605559
211010543560
278013017128
239010405286
210010386839
278013017625
278013017429
278013017236
278013017363
278013017480
210010386919
210010386950
278013019922
253010424591
247010713158
278013019633
210010387008
278013020855
251010606142
278013021288
251010605391
278013020182
278013020258
239010405632
210010387075
211010544287
251010606087
211010544401
278013021270
211010543805
251010605631
278000171390
260010297961
278013018422
253010424505
278013018428
278013017666
278013017669
229010603963
278013017623
278013017852
278013017904
235010580470
247010713150
278013019490
251010605847
278000171546
278013019538
260010297924
278013017509
278013017563
278013021234
278013020860
211010544317
229010604269
278013021121
278013021136
211010544376
278013021191
229000054615
251010606032
278013020299
239010405782
278013021147
278013021183
278013020676
278013020672
278013020851
278013019550
278013019641
278000171344
278013018388
278013018440
278013018450
247010713019
278013018627
247010713092
278013019248
229010604053
211010544085
211010544086
251010605884
278013019640
229010604103
253010424698
260010298084
278013019957
253010424702
278013020419
278013020497
278013020511
278013020513
278013020564
211010544263
251010606136
229010604321
260010298149
239010405776
278013021227
278013017163
229010603651
278013017164
278013020759
239000036627
235000056078
247000046830
239010405110
278013017223
247010712796
210010386811
278013017315
278013017406
251010605468
235010580399
278013016386
235010580305
239010405119
210010386763
278013016801
210010386901
260010297966
278013019255
260010298026
211010544145
211010543936
247010713081
210010387025
278013019974
239010405568
278013019983
278013019996
239000036602
211010544180
235010580861
251010605989
229010604126
278013020053
229010604305
278013021202
278013020205
278013020208
278013020209
251010606030
278013020244
278013016862
260010297860
247010712735
235010580344
211010543643
251010605476
278013017479
251010605567
278013018125
239010405378
278000171413
210010386936
278013018701
278013018710
247010713042
278013019252
211010544009
278013020074
239010405590
278013020094
235010580867
278013020114
211010544195
278013020124
278013020131
278013020132
278013020141
251010606013
278013020149
278013017603
229010603980
278013019105
278013020465
278013021128
278013021127
251010606180
229010603990
278013019238
229010604061
211010543659
210010386836
278013017556
278013017598
278013017649
278013017654
247010712882
278013017708
278013018133
251010605570
210010386873
278013018188
278013018715
278013018723
235010580614
253010424560
278013018772
278013018784
251010605714
235010580652
278013018204
235010580719
247010713135
211010544028
211010544027
239010405468
247010713133
239010405467
278013019367
239010405472
278013019370
278013019377
211010544044
278013019467
239010405486
251010605845
229010604068
251010605899
278013016480
278013016505
278013020059
278013019318
247010713134
239010405473
239010405490
278013019512
211010544117
278013019743
278013019823
229010604088
278013017822
278013017905
211010543723
211010543733
253010424481
251010605589
278013018212
239010405303
278013018423
278013018418
278013018935
278013018947
278013018979
278013019002
278000171572
278013019766
251010605911
278013019834
239010405305
251010605597
278013018232
278013018237
210010386883
278013018253
229010603834
251010605607
211010543787
235000056167
229010603769
229010603773
278013017892
260010297935
278013017947
211010543721
278013017973
251010605549
239010405267
253010424452
278013016465
278013016601
278013016721
278013016718
253010424459
278013018303
247010712979
278013018321
278013018324
278013018331
278013018341
278013018344
278013018349
278013018368
278013018366
239010405106
278013017184
211010544082
251010605870
278013019581
229000054541
247010712712
251010605355
239010405131
278013016861
278013018072
278013018076
229010603803
278013018098
253010424469
278013018576
239010405189
247010712787
251010605683
229000054544
278013019873
211010543517
278013016880
211000047633
278013018598
235010580582
251010605667
278013019026
278013019029
229000054491
278000171465
278013019040
239010405330
253010424498
251010605643
251010605700
229010603936
278013018846
229010603953
235010580781
278013019652
251010605887
229010603911
278013018659
278000171407
278013018889
211010543928
278013017427
278013017872
278013017873
247010712898
278013017916
229010603782
229010603786
210010386864
251010605557
278013017447
278013017562
278013017691
235010580439
278013017711
278013017737
253010424340
235010580375
251000042157
278013019726
247010712829
247000046919
251010605841
278013019445
278013019485
211000047675
278013019533
278013019551
253010424660
278013019647
278013019663
278000171561
247010713377
278013019294
278013018960
278013017511
229010604278
278013021167
251010606173
247010712794
253010424379
235010580382
211010543607
278013017290
278000171334
278013018099
278013018103
253010424470
235010580494
278013019086
210010386967
278013016500
278013016497
278013016558
278013016680
278013016737
278013017712
211010543698
247010712885
278013017193
210000033826
235010580370
278013017214
229010603635
211010543478
251010605335
229010603566
278013016950
278013017807
211010543689
278013017735
210010387104
278013021133
278000171648
278013020278
211010544227
278013020402
278013020410
278013020442
278013020440
278013020478
239010405659
278013020629
278013020657
251010606073
211010544295
278013016745
251010605310
251010605338
278013016841
278013019980
278013017393
239010405220
260010298068
278013019722
247010713192
278013019504
278013019557
210010387002
247010713170
278013017553
235010581015
278013016984
278013017004
278000171677
210010387125
247010713353
278013021345
235010581035
278013021362
229010604368
211010544433
251010605455
278013016677
260010297845
251010605357
253010424331
211010543766
253010424477
210000033852
278013018214
239010405310
278013018283
278013017836
278013017910
278013017456
239010405224
278013018340
210010386927
278013018604
235010580585
278013018615
278013019042
278013019047
278013019050
278000171474
278013021069
229010604297
278013021139
251010606143
247010713329
278013021149
211010544380
253010424804
278013021158
229010604327
278013021239
278013019731
278013020293
278013020852
211010544328
278013021063
278013017130
278013017146
278013017189
278013020083
211010544333
278013021130
278013021142
229010604302
247000046844
278000171304
229010603737
251010605679
247010713036
278013021272
278013021393
278013021403
278013021433
278013019699
211010544151
235010580303
210000033819
278013017215
278013017222
251010605425
278013017535
278013016937
211010543667
278013017629
235010580529
211010543809
235010580538
247010713038
229010603784
278013017985
260010297936
251010605551
278013018030
278013017118
278013016635
278013016557
278013016694
278013016700
278013016688
251010605296
278013016633
211010543875
251010605690
278013018682
239010405585
278013020058
278013020066
278013020126
278013020173
278013016468
278013016504
229010603550
211010543650
211010543656
278013017548
278013017570
251010605502
247010712861
278013018673
278013019876
251010605921
211010544176
278013020049
278013020236
253010424703
278013020072
253010424715
278013020076
211010544187
251010606003
235000056242
251010606006
251010606015
211010544204
260010297836
229010603930
235010580624
229010603935
278013018887
278013018908
278000171506
278013019196
278013019219
278013019246
211010543554
278013019750
239010405545
229000054570
278000171349
278013017320
278013017326
278013016712
278013016805
278013016869
278013018698
210010386940
260010297999
251010605716
278013018794
278013018811
278013018830
278013018831
278013019725
278013019770
211010543900
211010543672
229010603768
278013017895
278013017901
278013021271
239010405225
251010605354
247010712723
235010580325
278013019051
247010713094
278013019231
278013019412
278013016876
211010543867
235010580485
278013018111
278013018135
229010603940
278013018852
239010405402
239010405389
253010424691
211000047696
278013019967
239010405566
239010405572
247010713073
278013019880
211010543742
247010712945
253010424480
278013018199
260010298083
247010713216
278013020014
239010405584
278013020098
278013020391
278013020655
239010405671
278013020728
253010424766
239010405683
211010544319
278013021014
278013021019
278013017202
260010297945
251010605569
278013021488
211010543635
229010603813
253010424712
211010543475
278013018272
235010580514
239010405327
278013018377
239010405345
278013018481
278013018726
278013018833
260010298004
235010580642
239010405401
235010580648
278013017661
251010606111
278013021007
278013021028
278013021029
211010544344
251010606130
278013019931
278013018797
278013018793
278013018143
278013019065
253010424598
211010543986
278013019107
229010603984
229010603998
278013019596
235010580774
229010604062
251010605397
229010603810
247010712963
235010580579
278013017978
239010405295
247010712812
251010606017
278013020172
229000054402
278013018510
239010405359
239010405376
253010424567
260010298007
235010580911
278013020509
278013020714
251010606080
239010405703
278013020790
235010580942
235010580943
247010713290
278013021186
278013021201
278013017335
278013017343
278013017350
278013018182
278013018186
210010386887
251010605610
278013021314
211010543454
278013019949
251010605951
278013019955
278013020087
211010544202
251010606025
278013020858
278013020906
235010581018
211010544415
253010424571
278013019011
278013019287
278013019362
278013016967
278013016991
278013020988
278013020993
229000054495
211010543793
278013018322
278013017039
239010405809
239010405183
211010543577
278013017960
229010603790
278013020910
235010580955
278013017274
278013017286
210010386816
278013019701
278013016614
229010603796
278013018086
235010580479
278013018138
251010605587
235010581019
260010298108
251010606051
239010405672
211010543531
211010543545
211010544045
278013019503
211010544067
235010580753
278013019542
278013020216
278013020423
253010424771
278013020799
278013020811
278013020840
239010405774
278013021235
278013021248
278013021250
251010605702
229010603844
211010543800
278000171383
211010543801
211010544144
278013019866
211000047716
229010603901
278013018707
235010580499
278013021280
278013019888
235010581028
251010605432
211010543612
278013021340
251010606211
211010544303
229010604236
253010424787
235010580364
210010387020
239010405561
278013020052
278013020057
278013020194
278013020197
239010405623
251010605826
235010580720
247010713138
278013019337
278013018729
229010604016
278013019492
278013019611
260010297900
211010543608
251010605460
278013018942
278013017639
251010605713
278013018790
239010405399
253010424592
229010603965
235010580673
211010544251
278013020606
210010387129
235010581046
235010581034
211010544158
278013019944
211010544246
210010387076
229010604180
278013020467
235010580929
247010713276
260010297884
278013019470
211010544072
251000042141
253010424457
235010580472
235010580487
278013018157
235010580506
260010298088
251010606125
211010543451
278000171283
211000047553
235000056259
278013018102
210010386841
278013017595
247010712717
278013021508
235010581058
253010424839
278013019757
278013019761
235010580803
235010580760
278000171288
235010580412
278013018282
278013018313
278013020069
210010387039
251010606019
247010713249
235010580915
239010405696
278013018893
251010605739
278013018909
278013018919
278013018924
211010543639
251010605294
211010543636
251010605649
211010543686
239010405248
278013017723
278013017786
251010605532
278013017924
278013018012
278013018018
278013018078
278013020613
278013020797
247010712682
278013016462
278013016604
229010604390
278013021528
278013017416
247010712819
229010604165
278013020446
278013020525
278013020631
278013020664
251010606070
211010544269
229010604202
278013020805
235010580947
278013020930
229010604239
251010606112
251010606117
278013017243
278013017706
247010712778
278013017185
278013020984
278013021061
278013021122
253010424800
247010712696
211010543941
247010713075
278013018962
278013018963
278013018994
278013019000
229010603738
247010712858
278013019671
278013019721
278013019760
239010405540
229010603973
247010713100
239010405433
278013019093
251010605779
229010603988
278013019163
278013019200
260010298018
278013019212
278013019213
278013016450
278013016485
211010543610
278013017285
278013017324
278013017642
229010603750
247010713343
278013020332
239010405640
239010405641
210010386882
278013018256
239010405388
211010543910
251010605721
251010605723
251010605724
251010605439
251010605452
251010605461
247010712892
278013020838
247010713232
278013019310
278013019378
235010580721
278013019384
247010713143
278013019390
229010604031
229010604059
278013019597
235010580979
278013017561
211010543661
247010713084
278000171460
253010424623
253010424625
210010386797
278000171324
278013016496
278013016530
278013016571
278013016550
278013016553
278013016628
211010543458
239010405333
278013019658
253010424453
239010405271
253010424460
278013018275
211010543552
278013019059
260010297853
278000171610
278013020116
278013020118
278013020249
278013019603
253010424670
239010405526
278013019769
239010405533
251010605915
235010580808
251010605413
235010580349
211010544363
229010604283
229010604285
251000042062
229010603798
278013018828
278013017568
247010712857
278013017470
278013017552
278013017550
235010580554
253010424514
278013018552
239010405421
278013019017
229010603680
278013017292
253010424399
278013017770
211010543703
278013017799
278013017810
239010405255
278013019313
278013019221
211010543901
235010580655
278013018996
247010713088
278013019052
229010604127
278013017275
211010543619
251010605499
278013017594
278013017593
239000036534
278013018429
278013018460
278013018488
235010580634
247010713053
251010605722
278013020850
229010603678
229010603683
229010603690
278013017302
253010424403
278013018546
278013019339
278013017546
229010603841
278013018320
251010605617
260000026448
211010543803
235010580640
251010606097
278013020947
278013020952
211010544313
278013019939
211010544160
278000171588
211010544164
278013020075
278013020090
211010544242
278013020348
210010387079
239010405657
278013017107
278013017108
235010580357
229010603699
278013017329
278013019483
278013019518
235010580752
251010605852
278013019587
253010424404
278013017347
278013017373
251010605484
278013016989
211010543530
278013019517
251010605875
235010580775
251010605881
247010713183
253010424693
247010713203
251010605946
247010713210
235010580844
278013019952
260010298101
211010544200
278013020156
278013020317
211010544240
278013018380
278013018379
235010580684
247010713102
239010405476
278013019440
278013019466
278013017142
211010543699
278013017954
247010712938
211010543744
278013019513
239010405501
211010544073
229010604048
235010580757
278013019545
278013019544
247010713156
247010713157
278013018246
278000171377
278013019225
278013020111
278013020122
278013019910
247010713198
278013019968
278013020054
278013020232
278013017451
278013017508
239010405700
229010604221
260010298130
278013020785
278013020786
278013020800
278013020949
278000171370
251010605591
239010405648
278013020573
278013020580
278013020596
278013020600
239010405660
235010580930
278013020775
247010713284
211010543990
235010580691
278013019126
278013019124
278013019133
278013019134
229010603994
278013019171
239010405451
253010424811
278013021170
211010544383
253010424809
210010386872
278013019553
278013019556
239010405489
235010580761
253010424662
278013019111
278013019114
229010603992
278013019140
278013019168
278013017126
278013017626
278013017694
251010605520
260010298062
278013019642
251010605805
235010580890
247010713251
278013020251
235010580892
278013020268
278013020824
278013020844
260010298136
278013020861
278013020862
278000171325
278013021176
235010580996
278013021208
211010544397
239010405291
278000171378
253010424454
278013019170
278013019181
278013019229
278013018053
251010605431
211010543602
260010297902
253010424398
278013017829
278013017830
278013017920
278013017942
278013017967
278013018000
278013018019
229010603792
251010605554
278013018027
229010603691
278013017277
278013017340
278013020136
229010603633
251010605401
251010606031
251010606033
239010405621
278013020337
278013020346
211010544243
235010580908
239010405638
235010580910
251010606045
229010604175
278013020428
278013020888
211010544306
278013020924
278013020933
211010543791
229010604338
211010544407
211010544410
278013019066
251010605764
211010543979
278013019074
247010713097
211010544010
278013019250
278013017361
278013017362
210010386867
278013017395
251010605712
211010544201
260000026510
278013020150
278013020153
210010387078
278013020462
278013020466
278013020492
278013020514
278013020510
211010544259
278013020533
278013020540
211010544260
239010405654
239010405655
229010604193
253010424758
211010544270
211010544272
251010606071
260010298125
251010606079
239010405677
239010405449
247000046916
278013019259
278013019320
247010713146
278013019424
229010604263
229010604268
278013017206
247010713235
278013018057
253010424605
278013019175
278013019176
278013021260
278013017032
211010543544
278013017003
278013017465
247010713241
278013020161
278013020163
278013020170
210010387044
278013020183
278013020187
278013020931
210010387093
278013020962
278013020976
278013020995
278013021013
278013021022
278013021020
247010713307
278013021025
278013021039
253010424799
278013021126
211010544368
229010604295
235010580693
235010580697
278013018531
247010713002
278013020327
229010604178
278013019472
229010604076
229010604080
278013018342
278013018352
278013018361
278013019672
239010405521
235010580787
278013019696
247010713178
253010424674
278013019709
211010544115
278013019740
235010580796
253000041624
251010605903
278013019768
278013019816
278013019804
260010298006
211000047656
278013019228
251010606029
235010581012
278013021247
251010605385
278013017310
278013017314
251010605458
251010605459
260010297908
278013017359
235010580427
278013017688
278013017693
247010712883
251010605806
278013019275
278013018365
278013017143
211010544143
211010543642
278013017234
211010543527
211010544021
247010713304
278013017476
278013019584
278013019588
247010713168
278013019605
239010405516
211010544089
260010298063
278013019660
278013018286
278013018289
229010603839
278013018299
278013018304
251010605635
251010605477
278013017454
235010580672
247010713087
239010405742
278013017468
278013017580
278013017583
253000041609
211010543649
278013019738
251010605907
239010405534
278013019854
239010405148
278013020199
247010713245
278013020219
235010580882
253010424352
260010297887
253010424618
278013019242
251010605807
278013019869
247010713065
278013018059
253010424466
278013018218
251010605634
211010543815
251010605538
247010712896
278013017866
278013017888
260010297934
229000054429
235010580478
211010543746
239010405285
229010603807
278013018106
247010712980
229010603856
239010405299
235010580504
211010543789
247010712978
278013019030
229000054489
251010605750
211000047618
253010424411
278013017463
278013018557
253010424694
278013019936
278013019234
239010405343
247010712992
278013018456
278013018503
278013018521
229010603873
211010543844
211010543707
278013017036
278013017035
278013017459
278000171481
251010605766
253010424603
211010543633
229010603927
278013018806
278013019962
253010424701
229010604112
253010424437
253010424595
235010580421
235010580847
278013020013
251010605975
278013020048
278013020067
239010405586
278013020084
247010713230
247000046948
229010604133
235010580870
278013020128
278013020451
278013020556
278013020561
253010424769
278013017961
229010603783
235010580461
278013017989
239010405311
251010605606
211010543565
278013017165
210010386804
278013018614
211010543873
229010603909
251010605680
278013018686
278013017841
247010712903
278013017893
278013017930
278013018017
239010405288
210010386773
278013017058
229010603641
278013018537
210010387026
278000171593
278013017871
278013017897
247010712916
278000171346
211010543548
247010712810
235010580572
278013018034
235010580468
229010604301
210010387109
211010543641
211010544199
278013020143
278013020144
210010387040
278013020157
278013020159
278013020280
278013020342
229010604237
229010604244
229010604260
253010424788
211010543864
278013018584
278013018588
210010386933
211010543886
235000056179
278013018689
239010405384
247010713281
251010606159
235010580696
239010405448
278013019184
211010543999
251010605801
278013019236
251010605810
260010298025
278013019288
260010297886
229010603725
235010580372
235010580384
211010543613
211010543616
278013017752
278013017755
247010712887
229010603771
253010424443
278013017390
278013017400
251010605741
239010405410
229010603954
278013018988
251010605856
278013019543
211010543754
247010713120
247010713221
211010544174
278013018156
210010386880
229010603826
278013018257
211010543570
235010580613
239010405396
278013018785
247010712964
211010543771
247010712966
210010386879
251010606144
211010544377
278013017664
211010543690
278013017748
253010424793
278013020756
211000047735
235010580993
235010581006
211010543904
239010405398
278013018789
210000033869
253010424562
278013019334
278013019346
278013019426
278013020007
278013018007
278013018042
278013018171
278013018180
278013017471
278013017472
278013019267
253010424622
239010405462
247010713209
278013019950
251010605980
251010605612
278013018332
235010580525
211010543804
247010713104
229010604306
229010604350
278013019634
239010405525
278013019842
278013019323
211010544029
253010424631
229010603962
278013018134
278013019046
210010386963
235010580695
229010603995
229010603999
211010544378
239010405758
210010387111
278013021209
278013021210
251010606157
278013021214
239010405780
278000171664
229010604336
253010424651
229010603667
247010712767
235010580361
229010603694
251010605540
260010297933
247010712951
251010605619
260010297992
278013018625
235010580590
210010386934
235010580595
