654011000000
654011000001
654011000002
654011000003
654011000004
654011000005
654011000006
654011000007
654011000008
654011000009
654011000010
654011000011
654011000012
654011000013
654011000014
654011000015
654011000016
654011000017
654011000018
654011000019
654011000020
654011000021
654011000022
654011000023
654011000024
654011000025
654011000026
654011000027
654011000028
654011000029
654011000030
654011000031
654011000032
654011000033
654011000034
654011000035
654011000036
654011000037
654011000038
654011000039
654011000041
654011000042
654011000043
654011000044
654011000045
654011000046
654011000047
654011000048
654011000049
654011000050
654011000051
654011000052
654011000053
654011000054
654011000055
654011000056
654011000057
654011000058
654011000059
654011000060
654011000061
654011000062
654011000063
654011000064
654011000065
654011000066
654011000067
654011000068
654011000069
654011000070
654011000071
654011000072
654011000073
654011000074
654011000075
654011000076
654011000077
654011000078
654011000079
654011000080
654011000081
654011000082
654011000083
654011000084
654011000085
654011000086
654011000087
654011000088
654011000089
654011000090
654011000091
654011000092
654011000093
654011000094
654011000095
654011000096
654011000097
654011000098
654011000099
654011000100
654011000101
654011000102
654011000103
654011000104
654011000105
654011000106
654011000107
654011000108
654011000109
654011000110
654011000111
654011000112
654011000113
654011000114
654011000115
654011000116
654011000117
654011000118
654011000119
654011000120
654011000121
654011000122
654011000123
654011000124
654011000125
654011000126
654011000127
654011000128
654011000129
654011000130
654011000131
654011000132
654011000133
654011000134
654011000135
654011000136
654011000137
654011000138
654011000139
654011000140
654011000141
654011000142
654011000143
654011000144
654011000145
654011000146
654011000147
654011000148
654011000149
654011000150
654011000151
654011000152
654011000153
654011000154
654011000155
654011000156
654011000157
654011000158
654011000159
654011000160
654011000161
654011000162
654011000163
654011000164
654011000165
654011000166
654011000167
654011000169
654011000170
654011000171
654011000172
654011000173
654011000174
654011000175
654011000176
654011000177
654011000178
654011000179
654011000180
654011000181
654011000182
654011000183
654011000184
654011000185
654011000186
654011000187
654011000188
654011000189
654011000190
654011000191
654011000192
654011000193
654011000194
654011000195
654011000196
654011000198
654011000199
654011000200
654011000201
654011000202
654011000203
654011000204
654011000205
654011000206
654011000207
654011000208
654011000209
654011000210
654011000211
654011000212
654011000213
654011000214
654011000215
654011000216
654011000217
654011000218
654011000219
654011000220
654011000221
654011000222
654011000223
654011000224
654011000225
654011000226
654011000227
654011000228
654011000229
654011000230
654011000231
654011000232
654011000233
654011000234
654011000235
654011000236
654011000237
654011000238
654011000239
654011000240
654011000241
654011000242
654011000243
654011000244
654011000245
654011000246
654011000247
654011000248
654011000249
654011000250
654011000251
654011000252
654011000253
654011000254
654011000255
654011000256
654011000257
654011000258
654011000259
654011000260
654011000261
654011000262
654011000263
654011000264
654011000265
654011000266
654011000267
654011000268
654011000269
654011000270
654011000271
654011000272
654011000273
654011000274
654011000275
654011000276
654011000277
654011000278
654011000279
654011000282
654011000283
654011000284
654011000285
654011000286
654011000287
654011000288
654011000289
654011000290
654011000291
654011000292
654011000293
654011000294
654011000295
654011000296
654011000297
654011000298
654011000299
654011000300
654011000301
654011000302
654011000303
654011000304
654011000305
654011000306
654011000307
654011000308
654011000309
654011000310
654011000311
654011000312
654011000314
654011000315
654011000316
654011000317
654011000318
654011000319
654011000320
654011000322
654011000323
654011000324
654011000325
654011000326
654011000327
654011000328
654011000329
654011000330
654011000331
654011000332
654011000333
654011000334
654011000335
654011000336
654011000337
654011000338
654011000339
654011000340
654011000341
654011000342
654011000343
654011000344
654011000345
654011000346
654011000347
654011000348
654011000349
654011000351
654011000352
654011000353
654011000354
654011000355
654011000356
654011000357
654011000359
654011000361
654011000362
654011000363
654011000364
654011000365
654011000366
654011000367
654011000368
654011000369
654011000370
654011000371
654011000372
654011000373
654011000374
654011000375
654011000376
654011000377
654011000378
654011000379
654011000380
654011000381
654011000382
654011000383
654011000384
654011000385
654011000386
654011000387
654011000388
654011000389
654011000390
654011000391
654011000393
654011000394
654011000395
654011000396
654011000397
654011000398
654011000399
654011000400
654011000401
654011000402
654011000403
654011000404
654011000405
654011000406
654011000407
654011000408
654011000409
654011000410
654011000411
654011000412
654011000413
654011000414
654011000415
654011000416
654011000417
654011000418
654011000419
654011000420
654011000421
654011000422
654011000423
654011000424
654011000425
654011000426
654011000427
654011000429
654011000430
654011000431
654011000432
654011000433
654011000434
654011000435
654011000436
654011000437
654011000438
654011000439
654011000440
654011000441
654011000442
654011000443
654011000444
654011000445
654011000446
654011000447
654011000449
654011000450
654011000451
654011000452
654011000453
654011000454
654011000455
654011000456
654011000457
654011000458
654011000459
654011000460
654011000462
654011000463
654011000464
654011000465
654011000466
654011000467
654011000468
654011000469
654011000470
654011000471
654011000472
654011000473
654011000474
654011000475
654011000476
654011000477
654011000478
654011000479
654011000480
654011000481
654011000482
654011000483
654011000484
654011000485
654011000486
654011000487
654011000488
654011000489
654011000490
654011000491
654011000492
654011000493
654011000494
654011000495
654011000496
654011000497
654011000498
654011000499
654011000500
654011000501
654011000503
654011000504
654011000505
654011000507
654011000509
654011000510
654011000512
654011000513
654011000515
654011000517
654011000518
654011000519
654011000520
654011000521
654011000522
654011000523
654011000524
654011000525
654011000526
654011000527
654011000528
654011000529
654011000530
654011000531
654011000532
654011000533
654011000534
654011000535
654011000536
654011000537
654011000539
654011000540
654011000541
654011000542
654011000543
654011000544
654011000545
654011000546
654011000547
654011000549
654011000551
654011000552
654011000553
654011000554
654011000555
654011000556
654011000557
654011000558
654011000559
654011000560
654011000562
654011000563
654011000564
654011000565
654011000566
654011000568
654011000569
654011000570
654011000571
654011000572
654011000573
654011000574
654011000575
654011000576
654011000577
654011000578
654011000579
654011000580
654011000581
654011000582
654011000583
654011000584
654011000585
654011000586
654011000588
654011000589
654011000590
654011000591
654011000592
654011000593
654011000594
654011000596
654011000597
654011000600
654011000601
654011000602
654011000605
654011000608
654011000609
654011000610
654011000611
654011000612
654011000613
654011000614
654011000615
654011000616
654011000617
654011000618
654011000619
654011000620
654011000621
654011000623
654011000624
654011000625
654011000626
654011000627
654011000628
654011000629
654011000630
654011000631
654011000632
654011000633
654011000634
654011000635
654011000636
654011000637
654011000638
654011000639
654011000640
654011000641
654011000642
654011000643
654011000644
654011000645
654011000646
654011000647
654011000649
654011000650
654011000651
654011000652
654011000653
654011000654
654011000655
654011000656
654011000657
654011000658
654011000659
654011000665
654011000666
654011000667
654011000668
654011000669
654011000670
654011000671
654011000672
654011000673
654011000674
654011000675
654011000676
654011000677
654011000678
654011000679
654011000680
654011000681
654011000682
654011000683
654011000684
654011000685
654011000686
654011000687
654011000688
654011000689
654011000690
654011000691
654011000693
654011000694
654011000695
654011000696
654011000697
654011000698
654011000699
654011000700
654011000701
654011000702
654011000703
654011000704
654011000705
654011000706
654011000707
654011000708
654011000710
654011000711
654011000712
654011000713
654011000714
654011000716
654011000717
654011000718
654011000719
654011000720
654011000721
654011000722
654011000723
654011000724
654011000725
654011000726
654011000727
654011000728
654011000729
654011000730
654011000731
654011000732
654011000733
654011000734
654011000737
654011000738
654011000740
654011000741
654011000742
654011000744
654011000745
654011000746
654011000747
654011000748
654011000749
654011000750
654011000751
654011000752
654011000753
654011000754
654011000755
654011000756
654011000757
654011000758
654011000759
654011000761
654011000762
654011000764
654011000765
654011000766
654011000768
654011000769
654011000771
654011000772
654011000773
654011000774
654011000775
654011000776
654011000777
654011000778
654011000779
654011000780
654011000781
654011000782
654011000783
654011000784
654011000786
654011000787
654011000788
654011000789
654011000790
654011000791
654011000792
654011000793
654011000794
654011000795
654011000796
654011000797
654011000798
654011000799
654011000800
654011000801
654011000802
654011000803
654011000804
654011000805
654011000806
654011000807
654011000809
654011000810
654011000811
654011000812
654011000813
654011000814
654011000815
654011000818
654011000819
654011000820
654011000821
654011000822
654011000824
654011000825
654011000826
654011000827
654011000828
654011000829
654011000830
654011000831
654011000832
654011000833
654011000834
654011000835
654011000836
654011000837
654011000839
654011000840
654011000841
654011000842
654011000843
654011000844
654011000845
654011000846
654011000847
654011000848
654011000849
654011000850
654011000851
654011000852
654011000853
654011000854
654011000855
654011000856
654011000857
654011000858
654011000859
654011000861
654011000863
654011000864
654011000865
654011000866
654011000867
654011000868
654011000869
654011000870
654011000871
654011000872
654011000873
654011000874
654011000875
654011000876
654011000878
654011000879
654011000880
654011000881
654011000882
654011000883
654011000884
654011000885
654011000886
654011000887
654011000888
654011000890
654011000891
654011000892
654011000893
654011000894
654011000895
654011000896
654011000897
654011000898
654011000899
654011000900
654011000901
654011000902
654011000903
654011000904
654011000905
654011000906
654011000907
654011000908
654011000910
654011000911
654011000912
654011000913
654011000914
654011000915
654011000916
654011000917
654011000918
654011000919
654011000920
654011000921
654011000922
654011000923
654011000924
654011000925
654011000926
654011000927
654011000928
654011000929
654011000931
654011000933
654011000934
654011000935
654011000936
654011000937
654011000938
654011000939
654011000940
654011000942
654011000943
654011000944
654011000945
654011000946
654011000947
654011000949
654011000950
654011000951
654011000952
654011000953
654011000954
654011000955
654011000956
654011000957
654011000958
654011000959
654011000960
654011000961
654011000962
654011000963
654011000964
654011000966
654011000967
654011000968
654011000969
654011000970
654011000971
654011000972
654011000973
654011000974
654011000975
654011000976
654011000979
654011000980
654011000983
654011000985
654011000986
654011000987
654011000988
654011000990
654011000991
654011000992
654011000993
654011000994
654011000995
654011000996
654011000997
654011000998
654011000999
654011001000
654011001001
654011001002
654011001003
654011001004
654011001005
654011001006
654011001007
654011001008
654011001010
654011001012
654011001014
654011001016
654011001017
654011001018
654011001020
654011001022
654011001023
654011001024
654011001025
654011001026
654011001027
654011001028
654011001029
654011001030
654011001031
654011001032
654011001033
654011001034
654011001036
654011001037
654011001038
654011001039
654011001040
654011001041
654011001042
654011001043
654011001045
654011001046
654011001047
654011001048
654011001051
654011001054
654011001055
654011001056
654011001057
654011001059
654011001060
654011001062
654011001063
654011001064
654011001065
654011001066
654011001067
654011001068
654011001071
654011001072
654011001073
654011001074
654011001075
654011001076
654011001077
654011001078
654011001079
654011001080
654011001081
654011001082
654011001083
654011001084
654011001086
654011001087
654011001088
654011001089
654011001090
654011001091
654011001092
654011001094
654011001095
654011001096
654011001097
654011001098
654011001099
654011001100
654011001101
654011001102
654011001103
654011001104
654011001105
654011001106
654011001107
654011001108
654011001109
654011001110
654011001111
654011001112
654011001113
654011001115
654011001116
654011001117
654011001118
654011001119
654011001120
654011001121
654011001122
654011001123
654011001124
654011001125
654011001126
654011001127
654011001128
654011001129
654011001130
654011001131
654011001132
654011001133
654011001134
654011001135
654011001136
654011001137
654011001138
654011001139
654011001140
654011001141
654011001142
654011001143
654011001144
654011001145
654011001147
654011001148
654011001149
654011001150
654011001151
654011001154
654011001155
654011001156
654011001157
654011001158
654011001159
654011001160
654011001161
654011001162
654011001163
654011001164
654011001165
654011001166
654011001167
654011001168
654011001169
654011001170
654011001171
654011001172
654011001173
654011001174
654011001175
654011001176
654011001177
654011001178
654011001179
654011001180
654011001181
654011001183
654011001184
654011001185
654011001186
654011001187
654011001188
654011001189
654011001190
654011001191
654011001192
654011001193
654011001194
654011001195
654011001196
654011001197
654011001198
654011001199
654011001200
654011001201
654011001202
654011001203
654011001204
654011001205
654011001206
654011001207
654011001208
654011001209
654011001210
654011001211
654011001212
654011001213
654011001214
654011001215
654011001216
654011001217
654011001218
654011001219
654011001220
654011001221
654011001222
654011001223
654011001224
654011001225
654011001226
654011001227
654011001228
654011001229
654011001231
654011001232
654011001233
654011001235
654011001236
654011001237
654011001238
654011001239
654011001240
654011001241
654011001242
654011001243
654011001244
654011001245
654011001249
654011001250
654011001251
654011001252
654011001253
654011001254
654011001255
654011001256
654011001257
654011001258
654011001259
654011001260
654011001261
654011001262
654011001263
654011001264
654011001265
654011001266
654011001267
654011001268
654011001269
654011001270
654011001271
654011001272
654011001273
654011001274
654011001275
654011001276
654011001277
654011001278
654011001280
654011001281
654011001282
654011001283
654011001284
654011001285
654011001286
654011001287
654011001288
654011001289
654011001291
654011001292
654011001293
654011001294
654011001295
654011001296
654011001297
654011001298
654011001299
654011001300
654011001301
654011001303
654011001306
654011001307
654011001308
654011001310
654011001313
654011001314
654011001315
654011001316
654011001317
654011001318
654011001319
654011001320
654011001322
654011001323
654011001324
654011001325
654011001326
654011001327
654011001328
654011001329
654011001330
654011001331
654011001332
654011001333
654011001335
654011001336
654011001338
654011001339
654011001340
654011001341
654011001342
654011001343
654011001344
654011001345
654011001346
654011001347
654011001348
654011001349
654011001351
654011001353
654011001354
654011001355
654011001356
654011001357
654011001358
654011001359
654011001360
654011001361
654011001362
654011001363
654011001364
654011001365
654011001366
654011001367
654011001368
654011001369
654011001370
654011001371
654011001372
654011001374
654011001375
654011001377
654011001378
654011001380
654011001381
654011001382
654011001383
654011001384
654011001385
654011001386
654011001387
654011001388
654011001389
654011001390
654011001391
654011001392
654011001393
654011001394
654011001395
654011001396
654011001397
654011001398
654011001399
654011001400
654011001401
654011001402
654011001403
654011001404
654011001405
654011001406
654011001407
654011001408
654011001409
654011001410
654011001411
654011001412
654011001413
654011001414
654011001415
654011001416
654011001417
654011001418
654011001419
654011001420
654011001421
654011001422
654011001423
654011001424
654011001425
654011001426
654011001427
654011001428
654011001429
654011001430
654011001431
654011001432
654011001433
654011001434
654011001435
654011001437
654011001438
654011001439
654011001440
654011001441
654011001442
654011001444
654011001445
654011001446
654011001447
654011001448
654011001449
654011001450
654011001451
654011001453
654011001454
654011001455
654011001456
654011001457
654011001458
654011001459
654011001460
654011001462
654011001463
654011001464
654011001465
654011001466
654011001467
654011001468
654011001469
654011001470
654011001471
654011001472
654011001473
654011001474
654011001475
654011001476
654011001477
654011001478
654011001479
654011001480
654011001481
654011001482
654011001483
654011001484
654011001485
654011001486
654011001487
654011001488
654011001489
654011001490
654011001491
654011001492
654011001493
654011001494
654011001495
654011001496
654011001497
654011001498
654011001499
654011001500
654011001501
654011001502
654011001503
654011001504
654011001505
654011001506
654011001508
654011001509
654011001510
654011001511
654011001512
654011001513
654011001514
654011001515
654011001516
654011001517
654011001518
654011001519
654011001521
654011001522
654011001523
654011001524
654011001525
654011001526
654011001527
654011001528
654011001529
654011001530
654011001531
654011001532
654011001533
654011001534
654011001535
654011001536
654011001537
654011001538
654011001539
654011001540
654011001541
654011001542
654011001543
654011001544
654011001545
654011001546
654011001547
654011001548
654011001549
654011001550
654011001551
654011001552
654011001553
654011001554
654011001555
654011001556
654011001557
654011001558
654011001559
654011001560
654011001561
654011001562
654011001563
654011001564
654011001565
654011001566
654011001567
654011001568
654011001569
654011001570
654011001571
654011001572
654011001573
654011001574
654011001575
654011001576
654011001577
654011001578
654011001579
654011001580
654011001581
654011001582
654011001583
654011001584
654011001585
654011001586
654011001587
654011001589
654011001591
654011001593
654011001594
654011001595
654011001596
654011001597
654011001598
654011001599
654011001600
654011001601
654011001602
654011001603
654011001604
654011001605
654011001606
654011001607
654011001608
654011001609
654011001610
654011001611
654011001612
654011001613
654011001614
654011001615
654011001616
654011001618
654011001619
654011001620
654011001621
654011001625
654011001626
654011001628
654011001629
654011001630
654011001631
654011001632
654011001633
654011001634
654011001635
654011001636
654011001637
654011001638
654011001639
654011001640
654011001641
654011001642
654011001643
654011001644
654011001645
654011001646
654011001647
654011001648
654011001649
654011001650
654011001651
654011001652
654011001653
654011001654
654011001655
654011001656
654011001657
654011001658
654011001659
654011001660
654011001661
654011001662
654011001663
654011001664
654011001665
654011001666
654011001667
654011001668
654011001669
654011001670
654011001671
654011001672
654011001673
654011001674
654011001675
654011001677
654011001678
654011001679
654011001680
654011001681
654011001682
654011001683
654011001684
654011001685
654011001686
654011001688
654011001689
654011001690
654011001691
654011001692
654011001693
654011001694
654011001695
654011001696
654011001697
654011001698
654011001699
654011001700
654011001701
654011001702
654011001703
654011001704
654011001708
654011001710
654011001711
654011001712
654011001713
654011001714
654011001715
654011001716
654011001717
654011001718
654011001719
654011001720
654011001722
654011001723
654011001726
654011001727
654011001728
654011001729
654011001730
654011001731
654011001732
654011001736
654011001737
654011001738
654011001739
654011001740
654011001741
654011001742
654011001743
654011001744
654011001745
654011001746
654011001747
654011001748
654011001749
654011001750
654011001751
654011001752
654011001753
654011001754
654011001755
654011001756
654011001757
654011001758
654011001759
654011001761
654011001762
654011001763
654011001765
654011001766
654011001767
654011001768
654011001769
654011001770
654011001771
654011001773
654011001774
654011001775
654011001778
654011001779
654011001780
654011001782
654011001783
654011001784
654011001785
654011001786
654011001787
654011001788
654011001789
654011001790
654011001791
654011001792
654011001793
654011001794
654011001795
654011001796
654011001797
654011001798
654011001799
654011001800
654011001801
654011001802
654011001803
654011001804
654011001805
654011001806
654011001807
654011001808
654011001809
654011001810
654011001811
654011001812
654011001813
654011001815
654011001816
654011001817
654011001819
654011001820
654011001821
654011001822
654011001823
654011001824
654011001825
654011001826
654011001827
654011001828
654011001829
654011001830
654011001831
654011001832
654011001833
654011001834
654011001835
654011001836
654011001837
654011001838
654011001839
654011001840
654011001841
654011001842
654011001843
654011001844
654011001845
654011001846
654011001847
654011001848
654011001849
654011001850
654011001852
654011001853
654011001854
654011001855
654011001856
654011001857
654011001858
654011001859
654011001860
654011001861
654011001862
654011001863
654011001864
654011001865
654011001866
654011001867
654011001868
654011001869
654011001870
654011001871
654011001872
654011001873
654011001874
654011001875
654011001876
654011001877
654011001878
654011001879
654011001880
654011001881
654011001882
654011001883
654011001885
654011001886
654011001887
654011001888
654011001891
654011001892
654011001893
654011001894
654011001895
654011001896
654011001897
654011001898
654011001899
654011001900
654011001901
654011001903
654011001904
654011001905
654011001906
654011001907
654011001908
654011001909
654011001910
654011001912
654011001913
654011001914
654011001915
654011001916
654011001917
654011001918
654011001920
654011001921
654011001922
654011001923
654011001924
654011001925
654011001926
654011001928
654011001929
654011001930
654011001931
654011001933
654011001934
654011001935
654011001936
654011001938
654011001940
654011001941
654011001942
654011001943
654011001944
654011001945
654011001946
654011001949
654011001951
654011001952
654011001955
654011001956
654011001957
654011001958
654011001960
654011001961
654011001962
654011001963
654011001964
654011001965
654011001966
654011001967
654011001968
654011001969
654011001970
654011001971
654011001972
654011001973
654011001974
654011001975
654011001976
654011001977
654011001978
654011001979
654011001981
654011001982
654011001983
654011001984
654011001985
654011001986
654011001988
654011001990
654011001991
654011001992
654011001994
654011001996
654011001997
654011001998
654011001999
654011002000
654011002001
654011002002
654011002003
654011002004
654011002006
654011002007
654011002008
654011002009
654011002010
654011002011
654011002012
654011002013
654011002014
654011002015
654011002016
654011002017
654011002018
654011002019
654011002021
654011002022
654011002023
654011002024
654011002025
654011002026
654011002027
654011002029
654011002030
654011002031
654011002032
654011002033
654011002034
654011002035
654011002036
654011002037
654011002038
654011002039
654011002040
654011002041
654011002042
654011002043
654011002044
654011002045
654011002046
654011002047
654011002048
654011002049
654011002050
654011002051
654011002052
654011002053
654011002054
654011002055
654011002056
654011002057
654011002058
654011002059
654011002061
654011002062
654011002063
654011002064
654011002065
654011002066
654011002067
654011002068
654011002069
654011002070
654011002071
654011002072
654011002074
654011002075
654011002076
654011002077
654011002078
654011002079
654011002080
654011002081
654011002082
654011002083
654011002084
654011002087
654011002088
654011002089
654011002090
654011002091
654011002092
654011002093
654011002094
654011002095
654011002096
654011002097
654011002098
654011002099
654011002100
654011002101
654011002102
654011002103
654011002104
654011002105
654011002106
654011002107
654011002108
654011002109
654011002110
654011002111
654011002112
654011002113
654011002114
654011002115
654011002116
654011002117
654011002118
654011002119
654011002120
654011002121
654011002122
654011002123
654011002124
654011002125
654011002126
654011002127
654011002128
654011002130
654011002131
654011002132
654011002133
654011002134
654011002135
654011002136
654011002137
654011002138
654011002139
654011002140
654011002141
654011002142
654011002143
654011002144
654011002145
654011002146
654011002147
654011002148
654011002149
654011002150
654011002151
654011002152
654011002153
654011002154
654011002155
654011002156
654011002157
654011002158
654011002159
654011002160
654011002161
654011002162
654011002163
654011002164
654011002165
654011002166
654011002167
654011002168
654011002169
654011002170
654011002171
654011002172
654011002173
654011002174
654011002175
654011002176
654011002177
654011002178
654011002179
654011002180
654011002181
654011002182
654011002183
654011002184
654011002185
654011002186
654011002187
654011002188
654011002189
654011002190
654011002191
654011002192
654011002193
654011002194
654011002195
654011002196
654011002197
654011002198
654011002199
654011002200
654011002201
654011002202
654011002203
654011002204
654011002205
654011002206
654011002207
654011002208
654011002209
654011002210
654011002211
654011002212
654011002213
654011002214
654011002215
654011002216
654011002217
654011002219
654011002220
654011002221
654011002222
654011002223
654011002224
654011002225
654011002226
654011002227
654011002228
654011002229
654011002230
654011002231
654011002232
654011002233
654011002234
654011002235
654011002236
654011002237
654011002238
654011002239
654011002240
654011002241
654011002242
654011002243
654011002244
654011002245
654011002246
654011002247
654011002248
654011002249
654011002250
654011002251
654011002252
654011002253
654011002254
654011002255
654011002256
654011002257
654011002258
654011002259
654011002260
654011002261
654011002262
654011002263
654011002264
654011002265
654011002266
654011002267
654011002268
654011002269
654011002270
654011002271
654011002272
654011002273
654011002274
654011002275
654011002276
654011002277
654011002278
654011002279
654011002280
654011002281
654011002282
654011002283
654011002284
654011002285
654011002286
654011002287
654011002288
654011002289
654011002290
654011002291
654011002292
654011002293
654011002294
654011002295
654011002296
654011002297
654011002298
654011002299
654011002300
654011002301
654011002302
654011002303
654011002304
654011002305
654011002306
654011002307
654011002308
654011002309
654011002310
654011002311
654011002312
654011002313
654011002314
654011002315
654011002316
654011002317
654011002318
654011002319
654011002320
654011002321
654011002322
654011002323
654011002324
654011002325
654011002326
654011002327
654011002328
654011002329
654011002330
654011002331
654011002332
654011002333
654011002334
654011002335
654011002336
654011002337
654011002338
654011002339
654011002340
654011002341
654011002342
654011002343
654011002344
654011002345
654011002346
654011002347
654011002348
654011002349
654011002350
654011002351
654011002352
654011002353
654011002354
654011002355
654011002356
654011002357
654011002358
654011002359
654011002360
654011002361
654011002362
654011002363
654011002364
654011002365
654011002366
654011002367
654011002368
654011002369
654011002370
654011002371
654011002372
654011002373
654011002374
654011002375
654011002376
654011002377
654011002378
654011002379
654011002380
654011002381
654011002382
654011002383
654011002384
654011002385
654011002386
654011002387
654011002388
654011002389
654011002390
654011002391
654011002392
654011002393
654011002394
654011002395
654011002396
654011002397
654011002398
654011002399
654011002400
654011002401
654011002402
654011002403
654011002404
654011002405
654011002406
654011002407
654011002408
654011002409
654011002410
654011002411
654011002412
654011002413
654011002414
654011002415
654011002416
654011002417
654011002418
654011002419
654011002420
654011002421
654011002422
654011002423
654011002424
654011002425
654011002426
654011002427
654011002428
654011002429
654011002430
654011002431
654011002432
654011002433
654011002434
654011002435
654011002437
654011002438
654011002439
654011002440
654011002441
654011002442
654011002443
654011002444
654011002445
654011002446
654011002447
654011002448
654011002449
654011002450
654011002451
654011002452
654011002453
654011002454
654011002455
654011002456
654011002457
654011002459
654011002460
654011002462
654011002463
654011002464
654011002465
654011002466
654011002467
654011002468
654011002469
654011002470
654011002471
654011002472
654011002473
654011002474
654011002475
654011002476
654011002477
654011002478
654011002479
654011002480
654011002481
654011002482
654011002483
654011002484
654011002485
654011002486
654011002487
654011002488
654011002489
654011002490
654011002491
654011002493
654011002494
654011002495
654011002496
654011002497
654011002498
654011002499
654011002500
654011002501
654011002504
654011002505
654011002506
654011002507
654011002508
654011002509
654011002510
654011002511
654011002512
654011002513
654011002514
654011002515
654011002516
654011002517
654011002518
654011002519
654011002520
654011002521
654011002522
654011002523
654011002524
654011002525
654011002526
654011002527
654011002528
654011002529
654011002530
654011002531
654011002532
654011002533
654011002534
654011002535
654011002536
654011002537
654011002538
654011002539
654011002540
654011002541
654011002542
654011002543
654011002544
654011002545
654011002546
654011002547
654011002548
654011002549
654011002550
654011002551
654011002552
654011002553
654011002554
654011002555
654011002556
654011002557
654011002558
654011002559
654011002560
654011002561
654011002562
654011002563
654011002564
654011002565
654011002566
654011002567
654011002568
654011002569
654011002570
654011002571
654011002572
654011002573
654011002574
654011002575
654011002576
654011002577
654011002578
654011002579
654011002580
654011002581
654011002582
654011002583
654011002584
654011002585
654011002586
654011002587
654011002588
654011002589
654011002590
654011002591
654011002592
654011002593
654011002594
654011002595
654011002596
654011002597
654011002598
654011002599
654011002600
654011002601
654011002603
654011002605
654011002607
654011002608
654011002609
654011002610
654011002611
654011002612
654011002613
654011002614
654011002615
654011002616
654011002617
654011002618
654011002619
654011002620
654011002622
654011002623
654011002625
654011002626
654011002627
654011002628
654011002629
654011002630
654011002632
654011002633
654011002634
654011002635
654011002637
654011002638
654011002639
654011002640
654011002641
654011002642
654011002643
654011002644
654011002645
654011002646
654011002647
654011002648
654011002649
654011002650
654011002651
654011002652
654011002653
654011002654
654011002655
654011002656
654011002657
654011002658
654011002659
654011002660
654011002661
654011002662
654011002663
654011002664
654011002665
654011002666
654011002668
654011002669
654011002672
654011002673
654011002674
654011002675
654011002676
654011002677
654011002678
654011002679
654011002680
654011002682
654011002683
654011002684
654011002685
654011002686
654011002687
654011002688
654011002689
654011002690
654011002691
654011002692
654011002693
654011002694
654011002695
654011002696
654011002697
654011002698
654011002699
654011002700
654011002702
654011002703
654011002704
654011002705
654011002706
654011002707
654011002708
654011002709
654011002710
654011002711
654011002712
654011002713
654011002714
654011002715
654011002716
654011002717
654011002719
654011002720
654011002721
654011002722
654011002723
654011002724
654011002725
654011002726
654011002727
654011002728
654011002729
654011002730
654011002731
654011002732
654011002733
654011002735
654011002736
654011002737
654011002738
654011002739
654011002740
654011002741
654011002742
654011002743
654011002744
654011002745
654011002746
654011002747
654011002748
654011002749
654011002750
654011002751
654011002752
654011002753
654011002754
654011002755
654011002757
654011002758
654011002761
654011002763
654011002764
654011002765
654011002768
654011002769
654011002772
654011002773
654011002774
654011002777
654011002778
654011002779
654011002780
654011002783
654011002786
654011002787
654011002788
654011002789
654011002790
654011002791
654011002792
654011002793
654011002794
654011002795
654011002796
654011002797
654011002798
654011002799
654011002800
654011002801
654011002803
654011002804
654011002805
654011002806
654011002807
654011002808
654011002809
654011002810
654011002811
654011002812
654011002813
654011002814
654011002815
654011002816
654011002817
654011002818
654011002819
654011002820
654011002821
654011002823
654011002824
654011002825
654011002826
654011002827
654011002828
654011002829
654011002830
654011002831
654011002832
654011002833
654011002834
654011002835
654011002836
654011002837
654011002838
654011002839
654011002840
654011002841
654011002842
654011002843
654011002844
654011002845
654011002846
654011002847
654011002848
654011002849
654011002850
654011002851
654011002852
654011002853
654011002854
654011002855
654011002856
654011002857
654011002858
654011002859
654011002861
654011002862
654011002863
654011002864
654011002865
654011002866
654011002867
654011002868
654011002869
654011002870
654011002873
654011002874
654011002876
654011002877
654011002878
654011002879
654011002880
654011002881
654011002882
654011002883
654011002884
654011002885
654011002886
654011002887
654011002888
654011002891
654011002892
654011002893
654011002894
654011002895
654011002896
654011002897
654011002898
654011002899
654011002900
654011002901
654011002902
654011002904
654011002905
654011002906
654011002907
654011002909
654011002910
654011002911
654011002912
654011002913
654011002914
654011002915
654011002916
654011002917
654011002918
654011002919
654011002921
654011002922
654011002923
654011002924
654011002925
654011002926
654011002927
654011002928
654011002929
654011002930
654011002931
654011002932
654011002934
654011002935
654011002936
654011002937
654011002938
654011002939
654011002940
654011002941
654011002942
654011002943
654011002944
654011002945
654011002946
654011002947
654011002948
654011002949
654011002950
654011002951
654011002952
654011002953
654011002954
654011002955
654011002956
654011002957
654011002958
654011002959
654011002960
654011002961
654011002962
654011002963
654011002964
654011002965
654011002966
654011002967
654011002968
654011002969
654011002970
654011002971
654011002972
654011002973
654011002974
654011002975
654011002976
654011002977
654011002978
654011002979
654011002980
654011002981
654011002982
654011002983
654011002984
654011002985
654011002986
654011002987
654011002988
654011002990
654011002991
654011002992
654011002993
654011002995
654011002996
654011002997
654011002998
654011002999
654011003000
654011003001
654011003002
654011003003
654011003004
654011003005
654011003006
654011003007
654011003008
654011003009
654011003010
654011003011
654011003012
654011003013
654011003014
654011003015
654011003016
654011003017
654011003018
654011003019
654011003020
654011003021
654011003022
654011003023
654011003024
654011003025
654011003026
654011003027
654011003028
654011003030
654011003031
654011003032
654011003033
654011003034
654011003035
654011003036
654011003037
654011003038
654011003039
654011003040
654011003041
654011003042
654011003043
654011003044
654011003045
654011003046
654011003047
654011003048
654011003049
654011003050
654011003051
654011003052
654011003053
654011003054
654011003055
654011003056
654011003057
654011003058
654011003059
654011003060
654011003061
654011003062
654011003064
654011003065
654011003067
654011003068
654011003069
654011003070
654011003071
654011003072
654011003073
654011003074
654011003075
654011003076
654011003077
654011003078
654011003079
654011003080
654011003081
654011003082
654011003083
654011003084
654011003085
654011003086
654011003087
654011003088
654011003089
654011003090
654011003091
654011003092
654011003093
654011003094
654011003095
654011003096
654011003097
654011003099
654011003100
654011003101
654011003102
654011003103
654011003104
654011003105
654011003106
654011003107
654011003109
654011003110
654011003111
654011003112
654011003113
654011003114
654011003115
654011003116
654011003117
654011003118
654011003121
654011003122
654011003123
654011003124
654011003125
654011003126
654011003127
654011003128
654011003129
654011003130
654011003131
654011003132
654011003133
654011003134
654011003135
654011003136
654011003137
654011003138
654011003139
654011003140
654011003141
654011003142
654011003143
654011003144
654011003145
654011003146
654011003147
654011003148
654011003149
654011003150
654011003151
654011003152
654011003153
654011003154
654011003155
654011003156
654011003157
654011003158
654011003159
654011003160
654011003161
654011003162
654011003163
654011003164
654011003165
654011003166
654011003167
654011003169
654011003170
654011003171
654011003172
654011003173
654011003174
654011003175
654011003176
654011003177
654011003178
654011003179
654011003180
654011003181
654011003182
654011003183
654011003184
654011003185
654011003186
654011003187
654011003188
654011003189
654011003190
654011003191
654011003192
654011003193
654011003194
654011003195
654011003196
654011003197
654011003198
654011003199
654011003200
654011003201
654011003202
654011003203
654011003204
654011003205
654011003206
654011003207
654011003208
654011003209
654011003210
654011003211
654011003212
654011003213
654011003214
654011003215
654011003216
654011003217
654011003218
654011003219
654011003220
654011003221
654011003222
654011003223
654011003224
654011003225
654011003226
654011003227
654011003228
654011003231
654011003234
654011003235
654011003236
654011003237
654011003238
654011003239
654011003240
654011003241
654011003242
654011003243
654011003244
654011003245
654011003246
654011003247
654011003248
654011003249
654011003250
654011003252
654011003253
654011003254
654011003255
654011003256
654011003257
654011003258
654011003259
654011003260
654011003261
654011003262
654011003263
654011003264
654011003265
654011003266
654011003267
654011003268
654011003269
654011003270
654011003271
654011003272
654011003273
654011003274
654011003275
654011003276
654011003277
654011003278
654011003279
654011003280
654011003281
654011003282
654011003283
654011003284
654011003285
654011003286
654011003287
654011003288
654011003289
654011003290
654011003291
654011003292
654011003293
654011003294
654011003295
654011003296
654011003297
654011003298
654011003299
654011003300
654011003301
654011003302
654011003303
654011003304
654011003305
654011003306
654011003307
654011003308
654011003309
654011003310
654011003311
654011003312
654011003313
654011003314
654011003315
654011003316
654011003317
654011003318
654011003319
654011003320
654011003321
654011003322
654011003323
654011003324
654011003325
654011003326
654011003327
654011003328
654011003329
654011003330
654011003331
654011003332
654011003333
654011003334
654011003335
654011003336
654011003337
654011003338
654011003339
654011003340
654011003341
654011003342
654011003343
654011003344
654011003346
654011003347
654011003349
654011003350
654011003351
654011003352
654011003354
654011003355
654011003356
654011003357
654011003358
654011003360
654011003363
654011003364
654011003365
654011003366
654011003367
654011003368
654011003369
654011003370
654011003371
654011003372
654011003373
654011003374
654011003375
654011003376
654011003377
654011003378
654011003379
654011003380
654011003381
654011003382
654011003383
654011003384
654011003385
654011003386
654011003387
654011003388
654011003389
654011003390
654011003391
654011003392
654011003393
654011003394
654011003395
654011003396
654011003397
654011003398
654011003399
654011003400
654011003401
654011003402
654011003403
654011003404
654011003405
654011003406
654011003407
654011003408
654011003409
654011003410
654011003411
654011003413
654011003414
654011003415
654011003416
654011003417
654011003418
654011003419
654011003420
654011003421
654011003422
654011003423
654011003424
654011003425
654011003426
654011003427
654011003428
654011003429
654011003430
654011003431
654011003432
654011003433
654011003434
654011003435
654011003436
654011003437
654011003438
654011003439
654011003440
654011003441
654011003442
654011003443
654011003444
654011003445
654011003446
654011003447
654011003448
654011003449
654011003450
654011003451
654011003452
654011003453
654011003454
654011003455
654011003456
654011003457
654011003458
654011003459
654011003460
654011003461
654011003462
654011003463
654011003464
654011003465
654011003466
654011003467
654011003468
654011003469
654011003470
654011003471
654011003472
654011003473
654011003474
654011003475
654011003476
654011003477
654011003478
654011003479
654011003480
654011003481
654011003483
654011003484
654011003485
654011003486
654011003487
654011003488
654011003489
654011003490
654011003491
654011003492
654011003493
654011003494
654011003495
654011003496
654011003497
654011003499
654011003500
654011003501
654011003502
654011003503
654011003504
654011003505
654011003506
654011003507
654011003508
654011003509
654011003510
654011003511
654011003512
654011003513
654011003514
654011003515
654011003517
654011003518
654011003519
654011003520
654011003521
654011003522
654011003523
654011003524
654011003525
654011003526
654011003527
654011003528
654011003529
654011003530
654011003531
654011003532
654011003533
654011003534
654011003536
654011003537
654011003538
654011003539
654011003540
654011003541
654011003542
654011003543
654011003544
654011003545
654011003546
654011003547
654011003548
654011003549
654011003550
654011003551
654011003552
654011003553
654011003554
654011003555
654011003556
654011003557
654011003558
654011003559
654011003561
654011003562
654011003563
654011003565
654011003566
654011003567
654011003568
654011003569
654011003570
654011003571
654011003572
654011003573
654011003574
654011003575
654011003576
654011003577
654011003578
654011003579
654011003580
654011003581
654011003582
654011003583
654011003584
654011003586
654011003588
654011003589
654011003590
654011003591
654011003592
654011003593
654011003594
654011003595
654011003596
654011003597
654011003598
654011003600
654011003601
654011003602
654011003603
654011003604
654011003605
654011003606
654011003607
654011003609
654011003611
654011003612
654011003613
654011003614
654011003615
654011003616
654011003617
654011003618
654011003619
654011003621
654011003622
654011003623
654011003624
654011003625
654011003626
654011003627
654011003628
654011003629
654011003630
654011003631
654011003632
654011003633
654011003634
654011003635
654011003636
654011003638
654011003639
654011003640
654011003641
654011003642
654011003643
654011003644
654011003645
654011003646
654011003647
654011003648
654011003649
654011003650
654011003651
654011003652
654011003653
654011003655
654011003656
654011003657
654011003658
654011003659
654011003660
654011003661
654011003662
654011003663
654011003664
654011003665
654011003666
654011003667
654011003668
654011003669
654011003670
654011003671
654011003672
654011003673
654011003675
654011003676
654011003677
654011003678
654011003679
654011003680
654011003681
654011003682
654011003683
654011003684
654011003685
654011003686
654011003687
654011003688
654011003689
654011003690
654011003691
654011003692
654011003693
654011003694
654011003695
654011003697
654011003698
654011003699
654011003700
654011003701
654011003702
654011003703
654011003704
654011003705
654011003706
654011003707
654011003708
654011003709
654011003710
654011003711
654011003712
654011003713
654011003714
654011003715
654011003716
654011003717
654011003718
654011003719
654011003721
654011003722
654011003723
654011003724
654011003725
654011003726
654011003727
654011003728
654011003729
654011003730
654011003731
654011003732
654011003733
654011003734
654011003735
654011003736
654011003737
654011003738
654011003739
654011003740
654011003741
654011003742
654011003743
654011003744
654011003745
654011003746
654011003747
654011003748
654011003749
654011003750
654011003751
654011003752
654011003753
654011003754
654011003755
654011003756
654011003757
654011003758
654011003759
654011003760
654011003761
654011003762
654011003763
654011003764
654011003765
654011003766
654011003767
654011003768
654011003769
654011003770
654011003771
654011003772
654011003773
654011003774
654011003776
654011003778
654011003779
654011003780
654011003781
654011003782
654011003783
654011003784
654011003785
654011003786
654011003787
654011003788
654011003789
654011003790
654011003791
654011003792
654011003793
654011003794
654011003795
654011003796
654011003797
654011003798
654011003799
654011003800
654011003801
654011003802
654011003803
654011003804
654011003805
654011003806
654011003807
654011003808
654011003809
654011003810
654011003811
654011003812
654011003813
654011003814
654011003815
654011003816
654011003817
654011003818
654011003819
654011003820
654011003821
654011003822
654011003823
654011003824
654011003825
654011003826
654011003827
654011003828
654011003829
654011003830
654011003831
654011003832
654011003833
654011003834
654011003836
654011003838
654011003843
654011003844
654011003845
654011003847
654011003848
654011003849
654011003850
654011003851
654011003852
654011003853
654011003854
654011003855
654011003856
654011003857
654011003858
654011003859
654011003860
654011003861
654011003862
654011003864
654011003865
654011003866
654011003867
654011003868
654011003869
654011003870
654011003871
654011003872
654011003873
654011003874
654011003875
654011003876
654011003877
654011003878
654011003879
654011003880
654011003881
654011003882
654011003883
654011003884
654011003885
654011003886
654011003887
654011003888
654011003889
654011003890
654011003891
654011003892
654011003893
654011003894
654011003895
654011003896
654011003897
654011003898
654011003899
654011003900
654011003901
654011003902
654011003903
654011003904
654011003905
654011003906
654011003908
654011003909
654011003910
654011003911
654011003912
654011003913
654011003914
654011003915
654011003916
654011003917
654011003918
654011003919
654011003920
654011003921
654011003922
654011003923
654011003924
654011003925
654011003926
654011003927
654011003928
654011003929
654011003930
654011003931
654011003932
654011003934
654011003935
654011003936
654011003937
654011003938
654011003939
654011003940
654011003941
654011003942
654011003943
654011003944
654011003945
654011003946
654011003947
654011003948
654011003949
654011003950
654011003951
654011003952
654011003953
654011003954
654011003955
654011003956
654011003957
654011003958
654011003959
654011003960
654011003961
654011003962
654011003963
654011003964
654011003965
654011003966
654011003967
654011003968
654011003969
654011003970
654011003971
654011003972
654011003973
654011003974
654011003975
654011003976
654011003977
654011003978
654011003979
654011003980
654011003981
654011003982
654011003983
654011003984
654011003985
654011003986
654011003987
654011003988
654011003989
654011003990
654011003991
654011003992
654011003993
654011003994
654011003995
654011003996
654011003997
654011003998
654011003999
654011004000
654011004001
654011004002
654011004003
654011004004
654011004005
654011004006
654011004007
654011004008
654011004009
654011004010
654011004011
654011004012
654011004013
654011004014
654011004015
654011004016
654011004017
654011004018
654011004019
654011004020
654011004021
654011004022
654011004023
654011004024
654011004025
654011004026
654011004027
654011004028
654011004029
654011004030
654011004031
654011004032
654011004033
654011004034
654011004035
654011004036
654011004037
654011004038
654011004039
654011004040
654011004041
654011004042
654011004043
654011004044
654011004045
654011004046
654011004047
654011004048
654011004050
654011004051
654011004052
654011004053
654011004054
654011004055
654011004056
654011004057
654011004059
654011004060
654011004061
654011004062
654011004063
654011004064
654011004065
654011004066
654011004067
654011004068
654011004069
654011004070
654011004071
654011004072
654011004073
654011004074
654011004075
654011004076
654011004077
654011004078
654011004079
654011004080
654011004081
654011004082
654011004083
654011004084
654011004085
654011004086
654011004087
654011004088
654011004089
654011004090
654011004091
654011004093
654011004094
654011004095
654011004096
654011004097
654011004098
654011004099
654011004100
654011004101
654011004102
654011004103
654011004104
654011004105
654011004106
654011004108
654011004109
654011004110
654011004111
654011004112
654011004113
654011004114
654011004115
654011004116
654011004117
654011004118
654011004119
654011004120
654011004121
654011004122
654011004123
654011004125
654011004126
654011004127
654011004128
654011004129
654011004130
654011004131
654011004132
654011004133
654011004134
654011004135
654011004136
654011004137
654011004138
654011004139
654011004140
654011004141
654011004142
654011004143
654011004144
654011004145
654011004146
654011004147
654011004148
654011004149
654011004150
654011004151
654011004152
654011004153
654011004154
654011004155
654011004156
654011004157
654011004158
654011004159
654011004160
654011004161
654011004162
654011004163
654011004164
654011004165
654011004166
654011004167
654011004168
654011004169
654011004170
654011004171
654011004172
654011004173
654011004174
654011004175
654011004176
654011004177
654011004178
654011004179
654011004180
654011004181
654011004182
654011004183
654011004184
654011004185
654011004186
654011004187
654011004188
654011004189
654011004190
654011004191
654011004192
654011004193
654011004194
654011004195
654011004196
654011004197
654011004198
654011004199
654011004200
654011004201
654011004202
654011004203
654011004204
654011004205
654011004206
654011004207
654011004208
654011004209
654011004212
654011004213
654011004214
654011004215
654011004216
654011004217
654011004218
654011004219
654011004220
654011004221
654011004222
654011004223
654011004224
654011004226
654011004227
654011004228
654011004229
654011004230
654011004231
654011004233
654011004234
654011004235
654011004236
654011004237
654011004238
654011004239
654011004240
654011004241
654011004242
654011004243
654011004244
654011004245
654011004246
654011004247
654011004248
654011004249
654011004250
654011004251
654011004252
654011004253
654011004254
654011004255
654011004256
654011004257
654011004258
654011004259
654011004260
654011004261
654011004262
654011004263
654011004264
654011004265
654011004266
654011004267
654011004268
654011004269
654011004270
654011004271
654011004272
654011004273
654011004274
654011004275
654011004277
654011004278
654011004279
654011004280
654011004281
654011004283
654011004284
654011004285
654011004287
654011004288
654011004289
654011004290
654011004294
654011004295
654011004296
654011004297
654011004298
654011004299
654011004300
654011004301
654011004302
654011004303
654011004304
654011004305
654011004306
654011004307
654011004308
654011004309
654011004310
654011004311
654011004312
654011004313
654011004314
654011004315
654011004316
654011004317
654011004318
654011004319
654011004320
654011004321
654011004322
654011004323
654011004324
654011004325
654011004326
654011004327
654011004328
654011004329
654011004330
654011004331
654011004332
654011004333
654011004334
654011004335
654011004336
654011004337
654011004338
654011004339
654011004340
654011004341
654011004342
654011004343
654011004344
654011004345
654011004346
654011004347
654011004348
654011004349
654011004350
654011004351
654011004352
654011004353
654011004354
654011004355
654011004356
654011004357
654011004358
654011004359
654011004360
654011004361
654011004362
654011004363
654011004364
654011004365
654011004366
654011004367
654011004368
654011004369
654011004370
654011004372
654011004373
654011004374
654011004375
654011004376
654011004377
654011004378
654011004379
654011004380
654011004381
654011004382
654011004383
654011004384
654011004385
654011004386
654011004387
654011004388
654011004389
654011004390
654011004391
654011004392
654011004393
654011004394
654011004395
654011004396
654011004397
654011004398
654011004399
654011004400
654011004401
654011004402
654011004403
654011004404
654011004405
654011004406
654011004407
654011004408
654011004409
654011004410
654011004411
654011004412
654011004413
654011004414
654011004415
654011004416
654011004417
654011004418
654011004419
654011004420
654011004422
654011004423
654011004424
654011004426
654011004427
654011004428
654011004429
654011004430
654011004431
654011004432
654011004433
654011004434
654011004435
654011004436
654011004437
654011004438
654011004439
654011004440
654011004441
654011004442
654011004443
654011004445
654011004446
654011004447
654011004448
654011004449
654011004450
654011004451
654011004452
654011004453
654011004455
654011004456
654011004457
654011004458
654011004460
654011004461
654011004462
654011004463
654011004464
654011004466
654011004467
654011004468
654011004469
654011004470
654011004471
654011004472
654011004473
654011004474
654011004475
654011004476
654011004477
654011004478
654011004479
654011004481
654011004482
654011004483
654011004484
654011004485
654011004486
654011004487
654011004488
654011004490
654011004491
654011004492
654011004493
654011004494
654011004495
654011004496
654011004497
654011004500
654011004501
654011004502
654011004503
654011004504
654011004506
654011004508
654011004509
654011004510
654011004511
654011004512
654011004513
654011004514
654011004515
654011004516
654011004517
654011004518
654011004519
654011004520
654011004521
654011004522
654011004523
654011004524
654011004525
654011004526
654011004527
654011004528
654011004529
654011004530
654011004531
654011004532
654011004533
654011004534
654011004535
654011004536
654011004537
654011004538
654011004539
654011004540
654011004541
654011004542
654011004543
654011004544
654011004545
654011004546
654011004547
654011004548
654011004549
654011004550
654011004551
654011004552
654011004553
654011004554
654011004555
654011004556
654011004557
654011004558
654011004559
654011004560
654011004563
654011004565
654011004566
654011004567
654011004569
654011004570
654011004571
654011004572
654011004573
654011004574
654011004575
654011004576
654011004577
654011004578
654011004579
654011004580
654011004581
654011004582
654011004583
654011004584
654011004585
654011004586
654011004587
654011004588
654011004589
654011004590
654011004591
654011004592
654011004593
654011004594
654011004595
654011004596
654011004597
654011004598
654011004599
654011004600
654011004601
654011004602
654011004603
654011004604
654011004605
654011004606
654011004608
654011004609
654011004610
654011004611
654011004613
654011004614
654011004615
654011004616
654011004617
654011004618
654011004619
654011004620
654011004621
654011004622
654011004623
654011004624
654011004625
654011004626
654011004627
654011004628
654011004629
654011004631
654011004632
654011004633
654011004634
654011004635
654011004636
654011004638
654011004639
654011004640
654011004641
654011004642
654011004643
654011004644
654011004645
654011004646
654011004647
654011004648
654011004649
654011004650
654011004651
654011004652
654011004653
654011004654
654011004655
654011004656
654011004657
654011004658
654011004659
654011004660
654011004661
654011004662
654011004663
654011004664
654011004665
654011004666
654011004667
654011004668
654011004669
654011004670
654011004671
654011004672
654011004673
654011004674
654011004675
654011004676
654011004678
654011004679
654011004680
654011004681
654011004682
654011004683
654011004684
654011004685
654011004686
654011004687
654011004688
654011004689
654011004690
654011004691
654011004692
654011004693
654011004694
654011004695
654011004696
654011004697
654011004698
654011004699
654011004700
654011004701
654011004702
654011004703
654011004704
654011004705
654011004706
654011004707
654011004708
654011004711
654011004712
654011004714
654011004716
654011004718
654011004719
654011004720
654011004721
654011004722
654011004723
654011004724
654011004725
654011004726
654011004727
654011004728
654011004729
654011004730
654011004732
654011004733
654011004734
654011004735
654011004736
654011004737
654011004738
654011004739
654011004740
654011004741
654011004742
654011004743
654011004744
654011004745
654011004747
654011004748
654011004749
654011004750
654011004751
654011004752
654011004753
654011004754
654011004755
654011004756
654011004757
654011004758
654011004759
654011004760
654011004761
654011004763
654011004765
654011004766
654011004767
654011004768
654011004769
654011004770
654011004771
654011004772
654011004774
654011004776
654011004778
654011004779
654011004780
654011004781
654011004784
654011004785
654011004786
654011004789
654011004790
654011004797
654011004798
654011004799
654011004800
654011004801
654011004802
654011004803
654011004804
654011004805
654011004806
654011004807
654011004808
654011004809
654011004810
654011004811
654011004812
654011004813
654011004814
654011004815
654011004816
654011004817
654011004818
654011004819
654011004820
654011004821
654011004822
654011004823
654011004824
654011004825
654011004826
654011004827
654011004828
654011004829
654011004830
654011004831
654011004832
654011004833
654011004834
654011004835
654011004836
654011004837
654011004838
654011004839
654011004840
654011004841
654011004842
654011004843
654011004844
654011004845
654011004846
654011004847
654011004848
654011004849
654011004850
654011004851
654011004852
654011004853
654011004854
654011004855
654011004856
654011004857
654011004858
654011004859
654011004860
654011004862
654011004864
654011004865
654011004866
654011004867
654011004868
654011004869
654011004872
654011004873
654011004874
654011004875
654011004876
654011004877
654011004878
654011004880
654011004881
654011004882
654011004883
654011004884
654011004885
654011004886
654011004887
654011004888
654011004889
654011004890
654011004891
654011004892
654011004893
654011004894
654011004895
654011004896
654011004897
654011004898
654011004899
654011004900
654011004901
654011004902
654011004903
654011004904
654011004905
654011004906
654011004907
654011004908
654011004909
654011004910
654011004911
654011004912
654011004913
654011004914
654011004915
654011004916
654011004917
654011004918
654011004919
654011004920
654011004921
654011004922
654011004923
654011004924
654011004925
654011004926
654011004927
654011004928
654011004929
654011004930
654011004931
654011004932
654011004933
654011004934
654011004935
654011004936
654011004937
654011004938
654011004939
654011004940
654011004941
654011004942
654011004943
654011004944
654011004945
654011004946
654011004947
654011004948
654011004949
654011004950
654011004951
654011004952
654011004953
654011004954
654011004955
654011004956
654011004957
654011004958
654011004959
654011004960
654011004961
654011004962
654011004963
654011004965
654011004966
654011004967
654011004968
654011004969
654011004970
654011004971
654011004972
654011004973
654011004974
654011004975
654011004976
654011004977
654011004978
654011004979
654011004980
654011004981
654011004982
654011004983
654011004984
654011004985
654011004986
654011004987
654011004988
654011004989
654011004990
654011004991
654011004992
654011004993
654011004994
654011004995
654011004996
654011004997
654011004998
654011004999
654011005000
654011005001
654011005002
654011005003
654011005004
654011005005
654011005006
654011005007
654011005009
654011005010
654011005011
654011005012
654011005013
654011005014
654011005015
654011005016
654011005017
654011005019
654011005020
654011005021
654011005022
654011005023
654011005024
654011005025
654011005026
654011005027
654011005028
654011005029
654011005031
654011005032
654011005033
654011005034
654011005035
654011005036
654011005037
654011005038
654011005039
654011005040
654011005041
654011005043
654011005044
654011005045
654011005046
654011005047
654011005048
654011005049
654011005050
654011005051
654011005052
654011005054
654011005055
654011005056
654011005057
654011005058
654011005059
654011005060
654011005061
654011005062
654011005063
654011005064
654011005065
654011005066
654011005067
654011005068
654011005069
654011005070
654011005071
654011005072
654011005073
654011005074
654011005075
654011005076
654011005077
654011005078
654011005079
654011005080
654011005081
654011005082
654011005083
654011005084
654011005086
654011005087
654011005088
654011005089
654011005090
654011005091
654011005092
654011005093
654011005094
654011005095
654011005096
654011005097
654011005098
654011005099
654011005101
654011005102
654011005103
654011005104
654011005105
654011005106
654011005107
654011005108
654011005109
654011005110
654011005111
654011005112
654011005113
654011005114
654011005115
654011005116
654011005117
654011005118
654011005119
654011005120
654011005121
654011005122
654011005123
654011005124
654011005125
654011005126
654011005127
654011005128
654011005130
654011005131
654011005132
654011005133
654011005135
654011005136
654011005137
654011005139
654011005140
654011005141
654011005142
654011005143
654011005144
654011005145
654011005146
654011005147
654011005148
654011005149
654011005150
654011005151
654011005152
654011005153
654011005154
654011005155
654011005156
654011005157
654011005158
654011005159
654011005160
654011005161
654011005162
654011005163
654011005164
654011005165
654011005166
654011005167
654011005168
654011005169
654011005170
654011005171
654011005172
654011005173
654011005174
654011005175
654011005176
654011005177
654011005178
654011005179
654011005180
654011005181
654011005182
654011005183
654011005184
654011005185
654011005186
654011005187
654011005188
654011005189
654011005190
654011005191
654011005192
654011005193
654011005194
654011005195
654011005196
654011005197
654011005198
654011005199
654011005200
654011005201
654011005202
654011005203
654011005204
654011005205
654011005206
654011005207
654011005208
654011005209
654011005210
654011005211
654011005213
654011005214
654011005215
654011005216
654011005217
654011005218
654011005219
654011005220
654011005221
654011005222
654011005223
654011005224
654011005225
654011005226
654011005227
654011005228
654011005229
654011005230
654011005231
654011005232
654011005233
654011005234
654011005235
654011005236
654011005237
654011005238
654011005239
654011005241
654011005242
654011005243
654011005244
654011005245
654011005246
654011005248
654011005249
654011005250
654011005251
654011005252
654011005253
654011005254
654011005255
654011005256
654011005257
654011005258
654011005259
654011005260
654011005261
654011005262
654011005263
654011005264
654011005265
654011005266
654011005267
654011005268
654011005269
654011005270
654011005271
654011005272
654011005273
654011005274
654011005275
654011005276
654011005277
654011005278
654011005279
654011005280
654011005281
654011005282
654011005283
654011005284
654011005285
654011005286
654011005287
654011005288
654011005291
654011005293
654011005294
654011005295
654011005296
654011005297
654011005298
654011005299
654011005300
654011005301
654011005302
654011005303
654011005304
654011005305
654011005306
654011005307
654011005308
654011005309
654011005310
654011005311
654011005312
654011005313
654011005314
654011005315
654011005316
654011005317
654011005318
654011005319
654011005320
654011005321
654011005322
654011005323
654011005324
654011005325
654011005326
654011005327
654011005328
654011005329
654011005330
654011005331
654011005332
654011005333
654011005334
654011005335
654011005336
654011005337
654011005338
654011005339
654011005340
654011005341
654011005342
654011005343
654011005344
654011005345
654011005346
654011005347
654011005348
654011005349
654011005350
654011005351
654011005352
654011005353
654011005354
654011005355
654011005356
654011005357
654011005358
654011005359
654011005360
654011005361
654011005362
654011005363
654011005364
654011005365
654011005366
654011005367
654011005368
654011005369
654011005370
654011005371
654011005372
654011005373
654011005374
654011005375
654011005376
654011005377
654011005378
654011005379
654011005380
654011005381
654011005382
654011005383
654011005384
654011005385
654011005386
654011005387
654011005389
654011005390
654011005391
654011005392
654011005393
654011005394
654011005395
654011005396
654011005397
654011005398
654011005399
654011005401
654011005402
654011005403
654011005404
654011005405
654011005406
654011005407
654011005408
654011005409
654011005410
654011005411
654011005412
654011005413
654011005414
654011005415
654011005416
654011005417
654011005418
654011005419
654011005420
654011005421
654011005422
654011005423
654011005424
654011005425
654011005426
654011005427
654011005428
654011005429
654011005430
654011005431
654011005432
654011005433
654011005435
654011005436
654011005437
654011005438
654011005439
654011005440
654011005441
654011005442
654011005443
654011005444
654011005445
654011005446
654011005447
654011005448
654011005449
654011005450
654011005451
654011005452
654011005453
654011005454
654011005455
654011005456
654011005457
654011005458
654011005459
654011005460
654011005461
654011005462
654011005463
654011005464
654011005465
654011005466
654011005467
654011005468
654011005469
654011005470
654011005471
654011005472
654011005473
654011005474
654011005475
654011005476
654011005477
654011005478
654011005479
654011005480
654011005481
654011005482
654011005483
654011005484
654011005485
654011005486
654011005487
654011005488
654011005489
654011005490
654011005491
654011005493
654011005494
654011005495
654011005496
654011005497
654011005498
654011005499
654011005501
654011005502
654011005503
654011005504
654011005505
654011005506
654011005507
654011005509
654011005511
654011005513
654011005514
654011005515
654011005516
654011005517
654011005518
654011005519
654011005520
654011005521
654011005522
654011005523
654011005524
654011005525
654011005526
654011005527
654011005528
654011005529
654011005530
654011005531
654011005532
654011005533
654011005534
654011005535
654011005536
654011005537
654011005538
654011005539
654011005540
654011005541
654011005542
654011005543
654011005544
654011005545
654011005546
654011005547
654011005548
654011005549
654011005550
654011005551
654011005552
654011005553
654011005554
654011005555
654011005556
654011005557
654011005558
654011005559
654011005560
654011005561
654011005562
654011005563
654011005564
654011005565
654011005566
654011005567
654011005568
654011005569
654011005570
654011005571
654011005572
654011005573
654011005574
654011005575
654011005577
654011005578
654011005579
654011005580
654011005581
654011005582
654011005584
654011005585
654011005586
654011005587
654011005588
654011005589
654011005590
654011005591
654011005592
654011005593
654011005594
654011005595
654011005596
654011005597
654011005598
654011005599
654011005600
654011005602
654011005603
654011005604
654011005605
654011005606
654011005607
654011005608
654011005609
654011005610
654011005611
654011005612
654011005613
654011005614
654011005615
654011005616
654011005617
654011005618
654011005619
654011005620
654011005621
654011005622
654011005623
654011005624
654011005625
654011005626
654011005627
654011005628
654011005629
654011005630
654011005631
654011005632
654011005633
654011005634
654011005635
654011005636
654011005637
654011005638
654011005639
654011005640
654011005641
654011005642
654011005643
654011005644
654011005645
654011005646
654011005647
654011005648
654011005649
654011005650
654011005653
654011005654
654011005655
654011005656
654011005657
654011005659
654011005660
654011005661
654011005662
654011005663
654011005665
654011005666
654011005667
654011005668
654011005669
654011005670
654011005671
654011005672
654011005673
654011005674
654011005675
654011005676
654011005677
654011005678
654011005679
654011005680
654011005681
654011005682
654011005683
654011005684
654011005685
654011005686
654011005687
654011005688
654011005689
654011005690
654011005691
654011005692
654011005693
654011005694
654011005695
654011005696
654011005697
654011005698
654011005699
654011005700
654011005701
654011005702
654011005703
654011005704
654011005705
654011005706
654011005707
654011005708
654011005709
654011005710
654011005711
654011005712
654011005713
654011005714
654011005715
654011005716
654011005717
654011005718
654011005719
654011005720
654011005721
654011005722
654011005723
654011005724
654011005725
654011005726
654011005728
654011005729
654011005730
654011005731
654011005736
654011005737
654011005739
654011005740
654011005741
654011005743
654011005744
654011005745
654011005746
654011005747
654011005748
654011005749
654011005750
654011005751
654011005752
654011005753
654011005754
654011005755
654011005756
654011005757
654011005758
654011005759
654011005760
654011005761
654011005762
654011005763
654011005764
654011005765
654011005766
654011005767
654011005768
654011005769
654011005770
654011005771
654011005772
654011005773
654011005774
654011005775
654011005776
654011005777
654011005778
654011005779
654011005780
654011005781
654011005782
654011005783
654011005784
654011005785
654011005786
654011005787
654011005788
654011005789
654011005790
654011005791
654011005792
654011005793
654011005794
654011005795
654011005796
654011005797
654011005798
654011005799
654011005800
654011005801
654011005802
654011005803
654011005804
654011005805
654011005806
654011005807
654011005808
654011005809
654011005810
654011005811
654011005812
654011005813
654011005814
654011005815
654011005816
654011005817
654011005818
654011005819
654011005820
654011005821
654011005822
654011005823
654011005824
654011005825
654011005826
654011005827
654011005828
654011005829
654011005830
654011005831
654011005832
654011005833
654011005834
654011005835
654011005836
654011005837
654011005838
654011005839
654011005840
654011005841
654011005842
654011005843
654011005844
654011005845
654011005846
654011005847
654011005848
654011005849
654011005850
654011005851
654011005852
654011005853
654011005854
654011005855
654011005856
654011005857
654011005858
654011005859
654011005860
654011005861
654011005862
654011005863
654011005864
654011005865
654011005866
654011005867
654011005868
654011005869
654011005870
654011005871
654011005872
654011005873
654011005874
654011005875
654011005876
654011005877
654011005878
654011005879
654011005880
654011005881
654011005882
654011005883
654011005884
654011005885
654011005886
654011005887
654011005888
654011005889
654011005890
654011005891
654011005892
654011005893
654011005894
654011005895
654011005896
654011005897
654011005898
654011005899
654011005900
654011005901
654011005902
654011005903
654011005904
654011005905
654011005906
654011005907
654011005908
654011005909
654011005910
654011005911
654011005912
654011005913
654011005914
654011005915
654011005916
654011005917
654011005918
654011005919
654011005920
654011005921
654011005922
654011005923
654011005924
654011005925
654011005927
654011005928
654011005930
654011005932
654011005933
654011005934
654011005935
654011005936
654011005937
654011005938
654011005939
654011005940
654011005941
654011005942
654011005943
654011005944
654011005945
654011005946
654011005947
654011005949
654011005950
654011005952
654011005953
654011005956
654011005957
654011005958
654011005959
654011005960
654011005962
654011005963
654011005964
654011005965
654011005966
654011005967
654011005969
654011005970
654011005971
654011005972
654011005973
654011005974
654011005975
654011005976
654011005977
654011005978
654011005979
654011005980
654011005981
654011005982
654011005983
654011005984
654011005985
654011005986
654011005987
654011005988
654011005989
654011005990
654011005992
654011005993
654011005994
654011005995
654011005996
654011005997
654011005998
654011005999
654011006000
654011006001
654011006002
654011006003
654011006004
654011006005
654011006006
654011006007
654011006008
654011006009
654011006010
654011006011
654011006012
654011006013
654011006014
654011006015
654011006016
654011006017
654011006018
654011006019
654011006020
654011006021
654011006022
654011006023
654011006024
654011006025
654011006026
654011006027
654011006028
654011006029
654011006030
654011006031
654011006032
654011006033
654011006034
654011006035
654011006036
654011006037
654011006038
654011006039
654011006040
654011006041
654011006042
654011006043
654011006044
654011006045
654011006046
654011006047
654011006048
654011006050
654011006051
654011006052
654011006054
654011006055
654011006056
654011006057
654011006058
654011006059
654011006060
654011006061
654011006062
654011006063
654011006064
654011006065
654011006066
654011006067
654011006068
654011006069
654011006070
654011006071
654011006072
654011006073
654011006074
654011006075
654011006076
654011006077
654011006078
654011006079
654011006080
654011006081
654011006082
654011006083
654011006084
654011006085
654011006086
654011006087
654011006088
654011006089
654011006090
654011006091
654011006092
654011006093
654011006094
654011006095
654011006096
654011006097
654011006098
654011006099
654011006100
654011006101
654011006102
654011006103
654011006104
654011006105
654011006106
654011006107
654011006108
654011006109
654011006110
654011006111
654011006112
654011006113
654011006114
654011006115
654011006116
654011006117
654011006118
654011006119
654011006120
654011006121
654011006122
654011006123
654011006124
654011006125
654011006126
654011006127
654011006128
654011006129
654011006130
654011006131
654011006132
654011006133
654011006134
654011006135
654011006136
654011006137
654011006138
654011006139
654011006140
654011006141
654011006142
654011006143
654011006144
654011006145
654011006146
654011006147
654011006148
654011006149
654011006150
654011006152
654011006153
654011006154
654011006155
654011006156
654011006157
654011006158
654011006159
654011006161
654011006162
654011006163
654011006164
654011006165
654011006166
654011006167
654011006168
654011006169
654011006170
654011006171
654011006172
654011006173
654011006174
654011006175
654011006176
654011006177
654011006178
654011006179
654011006180
654011006181
654011006182
654011006183
654011006184
654011006185
654011006186
654011006187
654011006188
654011006189
654011006190
654011006191
654011006192
654011006193
654011006194
654011006195
654011006196
654011006197
654011006198
654011006199
654011006200
654011006201
654011006202
654011006203
654011006204
654011006205
654011006206
654011006207
654011006208
654011006209
654011006210
654011006211
654011006212
654011006213
654011006214
654011006215
654011006216
654011006217
654011006218
654011006219
654011006220
654011006221
654011006222
654011006223
654011006224
654011006225
654011006226
654011006227
654011006228
654011006229
654011006230
654011006231
654011006232
654011006233
654011006234
654011006236
654011006237
654011006238
654011006239
654011006240
654011006241
654011006243
654011006245
654011006246
654011006247
654011006250
654011006251
654011006252
654011006253
654011006255
654011006256
654011006257
654011006259
654011006260
654011006261
654011006262
654011006263
654011006264
654011006265
654011006266
654011006268
654011006269
654011006270
654011006271
654011006272
654011006273
654011006274
654011006275
654011006276
654011006277
654011006278
654011006279
654011006280
654011006281
654011006282
654011006283
654011006284
654011006285
654011006286
654011006287
654011006288
654011006289
654011006290
654011006291
654011006292
654011006293
654011006294
654011006295
654011006296
654011006297
654011006298
654011006299
654011006300
654011006301
654011006302
654011006303
654011006304
654011006305
654011006306
654011006307
654011006308
654011006309
654011006310
654011006311
654011006312
654011006313
654011006314
654011006316
654011006317
654011006318
654011006319
654011006320
654011006321
654011006322
654011006323
654011006324
654011006325
654011006326
654011006327
654011006328
654011006329
654011006330
654011006331
654011006332
654011006333
654011006334
654011006335
654011006336
654011006337
654011006338
654011006339
654011006340
654011006341
654011006342
654011006343
654011006344
654011006345
654011006346
654011006347
654011006348
654011006349
654011006350
654011006351
654011006352
654011006353
654011006354
654011006355
654011006356
654011006357
654011006358
654011006359
654011006360
654011006361
654011006362
654011006363
654011006364
654011006365
654011006367
654011006368
654011006369
654011006370
654011006371
654011006372
654011006373
654011006374
654011006375
654011006376
654011006377
654011006378
654011006379
654011006380
654011006381
654011006382
654011006383
654011006384
654011006385
654011006386
654011006387
654011006388
654011006389
654011006390
654011006391
654011006392
654011006393
654011006394
654011006395
654011006396
654011006397
654011006398
654011006399
654011006400
654011006401
654011006402
654011006403
654011006404
654011006405
654011006406
654011006407
654011006408
654011006409
654011006410
654011006411
654011006412
654011006413
654011006414
654011006415
654011006416
654011006417
654011006418
654011006419
654011006420
654011006421
654011006422
654011006423
654011006424
654011006425
654011006426
654011006427
654011006428
654011006429
654011006430
654011006431
654011006432
654011006433
654011006434
654011006435
654011006436
654011006437
654011006438
654011006439
654011006440
654011006441
654011006442
654011006443
654011006444
654011006445
654011006446
654011006447
654011006448
654011006449
654011006450
654011006451
654011006452
654011006453
654011006454
654011006455
654011006456
654011006457
654011006458
654011006459
654011006460
654011006461
654011006462
654011006463
654011006464
654011006465
654011006466
654011006467
654011006468
654011006469
654011006470
654011006471
654011006472
654011006473
654011006474
654011006475
654011006477
654011006478
654011006480
654011006481
654011006482
654011006483
654011006484
654011006485
654011006486
654011006487
654011006488
654011006489
654011006491
654011006492
654011006493
654011006494
654011006495
654011006497
654011006498
654011006499
654011006500
654011006501
654011006502
654011006503
654011006504
654011006505
654011006506
654011006507
654011006508
654011006509
654011006510
654011006511
654011006513
654011006514
654011006517
654011006518
654011006519
654011006520
654011006521
654011006522
654011006523
654011006524
654011006525
654011006526
654011006527
654011006528
654011006529
654011006530
654011006531
654011006532
654011006533
654011006534
654011006535
654011006536
654011006537
654011006538
654011006539
654011006540
654011006541
654011006542
654011006543
654011006544
654011006545
654011006546
654011006548
654011006549
654011006550
654011006551
654011006552
654011006554
654011006555
654011006556
654011006557
654011006560
654011006561
654011006562
654011006563
654011006564
654011006565
654011006566
654011006567
654011006568
654011006569
654011006570
654011006571
654011006572
654011006573
654011006574
654011006575
654011006576
654011006577
654011006578
654011006579
654011006580
654011006581
654011006582
654011006583
654011006584
654011006585
654011006586
654011006587
654011006588
654011006589
654011006590
654011006591
654011006592
654011006593
654011006594
654011006595
654011006596
654011006597
654011006598
654011006602
654011006603
654011006604
654011006605
654011006606
654011006607
654011006608
654011006609
654011006610
654011006611
654011006612
654011006613
654011006614
654011006615
654011006616
654011006617
654011006619
654011006620
654011006622
654011006623
654011006624
654011006626
654011006627
654011006628
654011006629
654011006630
654011006631
654011006632
654011006634
654011006635
654011006636
654011006637
654011006639
654011006640
654011006641
654011006642
654011006643
654011006644
654011006645
654011006646
654011006647
654011006648
654011006649
654011006650
654011006651
654011006652
654011006653
654011006654
654011006655
654011006656
654011006657
654011006658
654011006659
654011006660
654011006661
654011006662
654011006663
654011006664
654011006665
654011006666
654011006667
654011006668
654011006669
654011006670
654011006671
654011006672
654011006673
654011006674
654011006675
654011006676
654011006677
654011006678
654011006679
654011006680
654011006681
654011006682
654011006683
654011006684
654011006685
654011006686
654011006687
654011006688
654011006689
654011006690
654011006692
654011006693
654011006694
654011006695
654011006696
654011006697
654011006698
654011006700
654011006701
654011006702
654011006703
654011006704
654011006705
654011006706
654011006707
654011006708
654011006709
654011006710
654011006711
654011006712
654011006713
654011006714
654011006715
654011006716
654011006717
654011006718
654011006719
654011006720
654011006721
654011006722
654011006723
654011006724
654011006725
654011006726
654011006727
654011006728
654011006729
654011006730
654011006731
654011006732
654011006733
654011006734
654011006735
654011006736
654011006737
654011006738
654011006739
654011006740
654011006741
654011006742
654011006743
654011006744
654011006745
654011006746
654011006747
654011006748
654011006749
654011006750
654011006751
654011006752
654011006753
654011006754
654011006755
654011006756
654011006757
654011006758
654011006759
654011006760
654011006761
654011006762
654011006763
654011006764
654011006765
654011006766
654011006767
654011006768
654011006769
654011006770
654011006771
654011006772
654011006773
654011006774
654011006779
654011006780
654011006781
654011006782
654011006783
654011006784
654011006785
654011006786
654011006788
654011006789
654011006790
654011006791
654011006792
654011006793
654011006802
654011006804
654011006805
654011006808
654011006809
654011006810
654011006811
654011006812
654011006813
654011006814
654011006815
654011006816
654011006817
654011006818
654011006819
654011006820
654011006821
654011006822
654011006823
654011006824
654011006825
654011006826
654011006827
654011006828
654011006829
654011006830
654011006831
654011006832
654011006833
654011006834
654011006835
654011006836
654011006837
654011006838
654011006839
654011006840
654011006841
654011006842
654011006843
654011006844
654011006845
654011006846
654011006847
654011006848
654011006849
654011006850
654011006851
654011006852
654011006853
654011006854
654011006855
654011006856
654011006857
654011006858
654011006859
654011006860
654011006862
654011006864
654011006865
654011006866
654011006867
654011006868
654011006869
654011006870
654011006871
654011006872
654011006873
654011006874
654011006875
654011006876
654011006877
654011006879
654011006881
654011006882
654011006883
654011006884
654011006885
654011006886
654011006887
654011006888
654011006889
654011006890
654011006891
654011006892
654011006893
654011006894
654011006895
654011006896
654011006897
654011006898
654011006899
654011006900
654011006901
654011006902
654011006904
654011006905
654011006906
654011006907
654011006908
654011006909
654011006910
654011006911
654011006912
654011006913
654011006914
654011006915
654011006916
654011006920
654011006921
654011006922
654011006924
654011006926
654011006927
654011006928
654011006929
654011006932
654011006933
654011006934
654011006935
654011006936
654011006938
654011006939
654011006940
654011006941
654011006942
654011006943
654011006944
654011006946
654011006947
654011006948
654011006949
654011006950
654011006952
654011006953
654011006954
654011006957
654011006959
654011006960
654011006961
654011006963
654011006964
654011006965
654011006966
654011006967
654011006968
654011006969
654011006970
654011006971
654011006972
654011006973
654011006974
654011006975
654011006976
654011006977
654011006978
654011006980
654011006982
654011006983
654011006984
654011006985
654011006986
654011006987
654011006988
654011006989
654011006990
654011006991
654011006992
654011006993
654011006994
654011006995
654011006996
654011006997
654011006998
654011006999
654011007000
654011007001
654011007002
654011007004
654011007007
654011007008
654011007010
654011007011
654011007012
654011007013
654011007014
654011007015
654011007016
654011007017
654011007018
654011007019
654011007020
654011007021
654011007022
654011007023
654011007024
654011007025
654011007026
654011007027
654011007028
654011007029
654011007030
654011007031
654011007032
654011007033
654011007034
654011007036
654011007037
654011007038
654011007039
654011007040
654011007041
654011007042
654011007043
654011007044
654011007045
654011007046
654011007047
654011007048
654011007049
654011007050
654011007051
654011007052
654011007053
654011007054
654011007055
654011007056
654011007057
654011007058
654011007059
654011007060
654011007061
654011007062
654011007063
654011007064
654011007065
654011007067
654011007068
654011007069
654011007070
654011007071
654011007072
654011007073
654011007074
654011007075
654011007076
654011007077
654011007078
654011007079
654011007080
654011007081
654011007082
654011007083
654011007084
654011007085
654011007086
654011007087
654011007088
654011007089
654011007090
654011007091
654011007092
654011007093
654011007094
654011007095
654011007096
654011007097
654011007098
654011007099
654011007100
654011007101
654011007102
654011007103
654011007104
654011007105
654011007106
654011007107
654011007108
654011007109
654011007110
654011007111
654011007112
654011007114
654011007115
654011007116
654011007117
654011007118
654011007119
654011007120
654011007121
654011007122
654011007123
654011007124
654011007125
654011007126
654011007127
654011007128
654011007129
654011007130
654011007131
654011007132
654011007133
654011007134
654011007135
654011007136
654011007137
654011007138
654011007139
654011007140
654011007141
654011007142
654011007143
654011007144
654011007145
654011007146
654011007147
654011007148
654011007149
654011007150
654011007151
654011007152
654011007153
654011007154
654011007155
654011007156
654011007157
654011007158
654011007159
654011007161
654011007162
654011007163
654011007164
654011007165
654011007166
654011007167
654011007168
654011007169
654011007170
654011007171
654011007172
654011007173
654011007174
654011007175
654011007176
654011007177
654011007178
654011007179
654011007180
654011007181
654011007184
654011007185
654011007186
654011007187
654011007188
654011007189
654011007190
654011007191
654011007192
654011007193
654011007194
654011007195
654011007196
654011007197
654011007198
654011007199
654011007200
654011007201
654011007202
654011007203
654011007204
654011007205
654011007206
654011007207
654011007208
654011007209
654011007210
654011007211
654011007212
654011007213
654011007214
654011007215
654011007216
654011007217
654011007218
654011007219
654011007220
654011007221
654011007222
654011007223
654011007224
654011007226
654011007227
654011007228
654011007229
654011007230
654011007231
654011007232
654011007233
654011007234
654011007235
654011007236
654011007237
654011007238
654011007240
654011007241
654011007242
654011007243
654011007244
654011007245
654011007246
654011007247
654011007248
654011007249
654011007250
654011007252
654011007253
654011007254
654011007255
654011007256
654011007257
654011007258
654011007259
654011007260
654011007261
654011007263
654011007264
654011007265
654011007266
654011007267
654011007268
654011007269
654011007270
654011007272
654011007273
654011007274
654011007275
654011007277
654011007278
654011007279
654011007280
654011007281
654011007282
654011007283
654011007284
654011007285
654011007286
654011007288
654011007289
654011007290
654011007291
654011007292
654011007293
654011007294
654011007295
654011007296
654011007297
654011007298
654011007300
654011007301
654011007302
654011007303
654011007304
654011007305
654011007306
654011007308
654011007309
654011007312
654011007314
654011007315
654011007316
654011007317
654011007318
654011007319
654011007320
654011007321
654011007322
654011007325
654011007326
654011007327
654011007328
654011007329
654011007330
654011007331
654011007332
654011007334
654011007335
654011007336
654011007337
654011007338
654011007339
654011007340
654011007341
654011007342
654011007344
654011007345
654011007346
654011007347
654011007348
654011007349
654011007350
654011007351
654011007352
654011007353
654011007354
654011007355
654011007356
654011007357
654011007358
654011007359
654011007360
654011007361
654011007363
654011007364
654011007365
654011007366
654011007367
654011007368
654011007369
654011007370
654011007371
654011007372
654011007373
654011007374
654011007375
654011007376
654011007377
654011007378
654011007379
654011007380
654011007381
654011007383
654011007384
654011007385
654011007386
654011007387
654011007388
654011007390
654011007391
654011007392
654011007393
654011007394
654011007395
654011007396
654011007397
654011007398
654011007399
654011007400
654011007401
654011007402
654011007403
654011007404
654011007405
654011007406
654011007407
654011007408
654011007409
654011007410
654011007411
654011007412
654011007413
654011007414
654011007415
654011007416
654011007417
654011007418
654011007419
654011007420
654011007421
654011007422
654011007423
654011007424
654011007425
654011007426
654011007427
654011007428
654011007429
654011007430
654011007431
654011007432
654011007433
654011007434
654011007435
654011007436
654011007437
654011007438
654011007439
654011007441
654011007442
654011007443
654011007444
654011007445
654011007446
654011007447
654011007448
654011007449
654011007450
654011007451
654011007452
654011007453
654011007454
654011007455
654011007456
654011007457
654011007458
654011007459
654011007460
654011007461
654011007462
654011007463
654011007464
654011007465
654011007466
654011007467
654011007468
654011007469
654011007470
654011007471
654011007472
654011007473
654011007474
654011007475
654011007476
654011007477
654011007478
654011007479
654011007480
654011007481
654011007482
654011007483
654011007484
654011007485
654011007486
654011007487
654011007488
654011007489
654011007490
654011007491
654011007492
654011007493
654011007494
654011007495
654011007496
654011007497
654011007498
654011007499
654011007500
654011007501
654011007502
654011007503
654011007504
654011007505
654011007506
654011007507
654011007508
654011007509
654011007510
654011007511
654011007512
654011007513
654011007514
654011007515
654011007516
654011007517
654011007518
654011007519
654011007520
654011007521
654011007522
654011007523
654011007524
654011007525
654011007526
654011007527
654011007528
654011007529
654011007530
654011007531
654011007532
654011007533
654011007534
654011007535
654011007536
654011007537
654011007538
654011007539
654011007541
654011007542
654011007543
654011007544
654011007545
654011007546
654011007547
654011007548
654011007549
654011007550
654011007551
654011007552
654011007553
654011007554
654011007555
654011007556
654011007557
654011007558
654011007559
654011007560
654011007561
654011007562
654011007563
654011007564
654011007565
654011007566
654011007567
654011007568
654011007570
654011007571
654011007572
654011007573
654011007574
654011007575
654011007576
654011007577
654011007578
654011007579
654011007580
654011007581
654011007582
654011007583
654011007584
654011007585
654011007586
654011007587
654011007588
654011007589
654011007590
654011007591
654011007592
654011007593
654011007594
654011007595
654011007596
654011007597
654011007598
654011007599
654011007600
654011007601
654011007602
654011007603
654011007604
654011007605
654011007606
654011007607
654011007608
654011007609
654011007610
654011007611
654011007612
654011007613
654011007614
654011007615
654011007616
654011007617
654011007618
654011007619
654011007620
654011007621
654011007622
654011007623
654011007624
654011007625
654011007626
654011007627
654011007628
654011007629
654011007630
654011007631
654011007632
654011007633
654011007634
654011007635
654011007636
654011007637
654011007638
654011007639
654011007640
654011007641
654011007642
654011007643
654011007644
654011007645
654011007646
654011007647
654011007648
654011007649
654011007650
654011007651
654011007652
654011007653
654011007654
654011007658
654011007659
654011007660
654011007661
654011007662
654011007663
654011007664
654011007665
654011007666
654011007667
654011007668
654011007670
654011007671
654011007672
654011007673
654011007675
654011007676
654011007677
654011007678
654011007679
654011007680
654011007681
654011007682
654011007683
654011007684
654011007685
654011007686
654011007687
