305000008014176
305000008014204
305000008014192
305000008014184
305000008014200
305000008014196
305000008014186
305000008014198
305000008014180
305000008014188
305000008014182
305000008014125
305000008014127
305000008014136
305000008014149
305000008014116
305000008014120
305000008014123
305000008014118
305000008014145
305000008014112
305000008014133
305000008014158
305000008014143
305000008014130
305000008014114
305000008014164
305000008014162
305000008014154
305000008014152
305000008014140
305000008014138
305000008014147
305000008014104
305000008014091
305000008014093
305000008014095
305000008014077
305000008014089
305000008014083
305000008014085
305000008014098
305000008014056
305000008014054
305000008014070
305000008014072
305000008014064
305000008014058
305000008014052
305000008014066
305000008014040
305000008014042
305000008014030
305000008014028
305000008014038
305000008014044
305000008014036
305000008014021
305000008014002
305000008014000
305000008014017
305000008013996
305000008014032
305000008014004
305000008014023
305000008014015
305000008013998
305000008014019
305000008014010
305000008014007
305000008013559
305000008013555
305000008013536
305000008013543
305000008013545
305000008013540
305000008013564
305000008013553
305000008013551
305000008013549
305000008013562
305000008013557
305000008013533
305000008013522
305000008013515
305000008013503
305000008013497
305000008013507
305000008013511
305000008013493
305000008013520
305000008013499
305000008013513
305000008013491
305000008013509
305000008013518
305000008013524
305000008013501
305000008013505
305000008013489
305000008013495
305000008013477
305000008013458
305000008013469
305000008013471
305000008013481
305000008013452
305000008013463
305000008013467
305000008013475
305000008013487
305000008013483
305000008013473
305000008013479
305000008013485
305000008013456
305000008013454
305000008013438
305000008013432
305000008013411
305000008013418
305000008013416
305000008013422
305000008013440
305000008013420
305000008013426
305000008013428
305000008013446
305000008013444
305000008013424
305000008013434
305000008013450
305000008013442
305000008013413
305000008013430
305000008013448
305000008013405
305000008013407
305000008013409
305000008013391
305000008013387
305000008013378
305000008013403
305000008013372
305000008013395
305000008013376
305000008013397
305000008013380
305000008013399
305000008013382
305000008013354
305000008013389
305000008013352
305000008013338
305000008013302
305000008013298
305000008013324
305000008013318
305000008013284
305000008013334
305000008013286
305000008013308
305000008013320
305000008013276
305000008013291
305000008013316
305000008013322
305000008013310
305000008013312
305000008013326
305000008013336
305000008013340
305000008013288
305000008013272
305000008013330
305000008013300
305000008013293
305000008013332
305000008013314
305000008013304
305000008013274
305000008013278
305000008013295
305000008013306
305000008013208
305000008013229
305000008013180
305000008013238
305000008013236
305000008013212
305000008013250
305000008013234
305000008013254
305000008013210
305000008013240
305000008013252
305000008013201
305000008013186
305000008013244
305000008013197
305000008013203
305000008013242
305000008013123
305000008013174
305000008013138
305000008013190
305000008013154
305000008013127
305000008013192
305000008013150
305000008013148
305000008013136
305000008013188
305000008013184
305000008013182
305000008013130
305000008013152
305000008013178
305000008013170
305000008013156
305000008013168
305000008013176
305000008013125
305000008013158
305000008013166
305000008013140
305000008013164
305000008013119
305000008013092
305000008013113
305000008013101
305000008013115
305000008013095
305000008013121
305000008013105
305000008013109
305000008013099
305000008013117
305000008013107
305000008013097
305000008013393
305000008013162
305000008013103
305000008013073
305000008013071
305000008013067
305000008013064
305000008013077
305000008013075
305000008013060
305000008013052
305000008013058
305000008013056
305000008013031
305000008013027
305000008013037
305000008013033
305000008013047
305000008013049
305000008013035
305000008013018
305000008013022
305000008012989
305000008013005
305000008012992
305000008013012
305000008013020
305000008012663
305000008013014
305000008013016
305000008013010
305000008013008
305000008011503
305000008011439
305000008011387
305000008011423
305000008011451
305000008011522
305000008011375
305000008011378
305000008011380
305000008011341
305000008011338
305000008011355
305000008011353
305000008011336
305000008011333
305000008011345
305000008011349
305000008011347
305000008011310
305000008011316
305000008011318
305000008011312
305000008011306
305000008011314
305000008011308
305000008011302
305000008011304
305000008011218
305000008011214
305000008011298
305000008011247
305000008011239
305000008011223
305000008011300
305000008011216
305000008011343
305000008011269
305000008011212
305000008011291
305000008011220
305000008011293
305000008011295
305000008011190
305000008011392
305000008011202
305000008011200
305000008011194
305000008011198
305000008011204
305000008011192
305000008011206
305000008011196
305000008011164
305000008013436
305000008011160
305000008011162
305000008011169
305000008011156
305000008011154
305000008011158
305000008011152
305000008011148
305000008011146
305000008011150
305000008011171
305000008011142
305000008011136
305000008011138
305000008011140
305000008011144
305000008011132
305000008011134
863930030412991
863930030412964
863930030412949
863930030412904
863930030412940
863930030412925
863930030412932
863930030412914
863930030412978
863930030412975
863930030412955
863930030412451
863930030412928
863930030412959
863930030412986
863930030412957
863930030412645
863930030412942
863930030412984
863930030412906
863930030412988
863930030412830
863930030412982
863930030412953
863930030412969
863930030412920
863930030412944
863930030412935
863930030412967
863930030412951
863930030412314
863930030411192
863930030411943
863930030411705
863930030411540
863930030412107
863930030411300
863930030411447
863930030411582
863930030411703
863930030411511
863930030411455
863930030411591
863930030411717
863930030411292
863930030410891
863930030412075
863930030411258
863930030411922
863930030411337
863930030411715
863930030411720
863930030411778
863930030411956
863930030411707
863930030412122
863930030411019
863930030411792
863930030411170
863930030412160
863930030411273
863930030411882
863930030411054
863930030409945
863930030410111
863930030408813
863930030409150
863930030409204
863930030409648
863930030409680
863930030409859
863930030409308
863930030409045
863930030409565
863930030408961
863930030409190
863930030408838
863930030409024
863930030410064
863930030408689
863930030408720
863930030408695
863930030409963
863930030409061
863930030409749
863930030409887
863930030409139
863930030409216
863930030409627
863930030409141
863930030409595
863930030408872
863930030409597
863930030409902
863930030408697
863930030410251
863930030410253
863930030409283
863930030408705
863930030408693
863930030408966
863930030408831
863930030410009
863930030409531
863930030410392
863930030410240
863930030410016
863930030409710
863930030408912
863930030410179
863930030409527
863930030408951
863930030409224
863930030410143
863930030409266
863930030409646
863930030408115
863930030408616
863930030408240
863930030408321
863930030408021
863930030408434
863930030408586
863930030408369
863930030408344
863930030408188
863930030408512
863930030408589
863930030408182
863930030408541
863930030408279
863930030408436
863930030407975
863930030408460
863930030408526
863930030408418
863930030408507
863930030408007
863930030408331
863930030408471
863930030408375
863930030408308
863930030408126
863930030408440
863930030408355
863930030408101
863930030408083
863930030407488
863930030407127
863930030407784
863930030407686
863930030407049
863930030407615
863930030407538
863930030407494
863930030407057
863930030407081
863930030407492
863930030407075
863930030407712
863930030407573
863930030407386
863930030406681
863930030406627
863930030406473
863930030406903
863930030406276
863930030406517
863930030406750
863930030405335
863930030405481
863930030405410
863930030405580
863930030405657
863930030404986
863930030404023
863930030402399
863930030401760
863930030402350
863930030406800
863930030408820
863930030407612
863930030389739
863930030408930
863930030409292
863930030403465
863930030406446
863930030410049
863930030409245
863930030408953
863930030408486
863930030407073
863930030408945
863930030408310
863930030390098
863930030409556
863930030389504
863930030407774
863930030406666
863930030408787
863930030407029
863930030407772
863930030408778
863930030407504
863930030389000
863930030384223
863930030381205
863930030380282
863930030377811
863930030374687
863930030371366
863930030371342
863930030368641
863930030367779
863930030365582
863930030365400
863930030384481
863930030339313
305000005015106
305000008011382
863930030314357
863930030304314
863930030289784
863930030289786
863930030278559
863930030260322
863930030259998
863930030259971
863930030231878
863930030232411
305000005013769
863930030224425
863930030224423
863930030224237
863930030223993
863930030224234
863930030223958
863930030223976
863930030224167
863930030223956
863930030224170
863930030220136
863930030210523
863930030210552
305000008014068
305000008013374
305000008014190
305000008013146
863930030208797
305000008013384
305000008013460
863930030208352
305000008014173
305000008013401
305000008013538
305000008013232
863930030206964
863930030204691
863930030197882
863930030196537
863930030195354
863930030180706
863930030210423
863930030224660
863930030224664
863930030157673
863930030155738
863930030155617
863930030149071
863930030140474
863930030140011
863930030140506
863930030140478
863930030139413
863930030131240
863930030139690
863930030119720
863930030112790
863930030111426
863930030106625
863930030107913
863930030107656
863930030106460
863930030074819
863930030108654
863930030107966
863930030057330
863930030046734
863930030046223
863930030045631
863930030044320
863930030032805
920000000002698
920000000002681
920000000002694
920000000002671
920000000002718
920000000002685
920000000002710
920000000002692
863930030027856
920000000002677
920000000002675
920000000002689
920000000002683
920000000002700
920000000002624
920000000002615
920000000002637
920000000002592
920000000002665
920000000002611
920000000002650
920000000002583
920000000002609
920000000002566
920000000002580
920000000002621
920000000002602
920000000002572
920000000002619
920000000002596
920000000002568
920000000002598
920000000002663
920000000002639
920000000002647
920000000002643
920000000002626
920000000002570
920000000002630
920000000002587
920000000002600
920000000002652
920000000002557
920000000002617
920000000002657
920000000002564
920000000002574
920000000002576
920000000002594
920000000002613
920000000002585
920000000002645
920000000002659
920000000002589
920000000002628
920000000002605
920000000002661
920000000002655
920000000002667
920000000002560
920000000002632
920000000002641
920000000002578
920000000002607
920000000002562
920000000002501
920000000002530
920000000002538
920000000002508
920000000002510
920000000002532
920000000002517
920000000002550
920000000002546
920000000002548
920000000002490
920000000002553
920000000002503
920000000002520
920000000002534
920000000002499
920000000002505
920000000002522
920000000002540
920000000002528
920000000002512
920000000002477
920000000002486
920000000002459
920000000002475
920000000002479
920000000002455
920000000002451
920000000002469
920000000002453
920000000002461
920000000002463
920000000002481
920000000002457
920000000002467
920000000002473
920000000002484
920000000002425
920000000002423
920000000002434
863930030018799
920000000002420
920000000002430
920000000002427
920000000002413
920000000002418
920000000002402
920000000002378
920000000002373
920000000002394
920000000002386
920000000002406
920000000002380
920000000002382
920000000002400
920000000002398
920000000002388
920000000002384
920000000002408
920000000002404
920000000002366
920000000002360
920000000002364
920000000002347
920000000002362
920000000002353
920000000002351
920000000002358
920000000002345
920000000002368
920000000002343
920000000002349
920000000002356
920000000002317
920000000002335
920000000002325
920000000002331
920000000002337
920000000002323
920000000002315
920000000002321
920000000002327
920000000002333
920000000002319
920000000002329
920000000002308
920000000002298
920000000002281
920000000002289
920000000002306
920000000002291
920000000002276
920000000002304
920000000002283
920000000002272
920000000002278
920000000002270
920000000002274
920000000002296
920000000002293
920000000002302
920000000002300
920000000002260
920000000002262
920000000002257
920000000002225
920000000002255
920000000002221
920000000002229
920000000002251
920000000002211
920000000002245
920000000002219
920000000002239
920000000002253
920000000002237
920000000002217
920000000002231
920000000002241
920000000002215
920000000002227
920000000002249
920000000002247
920000000002223
920000000002235
920000000002233
920000000002190
920000000002206
920000000002193
920000000002202
920000000002200
920000000002188
920000000002185
920000000002197
920000000002204
863930030019159
863930029992447
863930030033569
920000000002160
920000000002172
920000000002168
920000000002183
920000000002156
920000000002151
920000000002162
920000000002153
920000000002145
920000000002180
920000000002170
920000000002158
920000000002178
920000000002149
920000000002164
920000000002143
863930029989412
920000000002176
920000000002174
920000000002166
920000000002147
920000000002127
920000000002096
920000000002104
920000000002094
920000000002135
920000000002125
863930029987937
920000000002131
920000000002123
920000000002111
863930030199446
920000000002133
920000000002113
920000000002090
920000000002100
920000000002092
920000000002102
920000000002121
920000000002141
920000000002098
920000000002116
920000000002129
920000000002139
920000000002118
863930029985355
863930029986028
863930029983628
863930029984081
920000000002055
920000000002067
920000000002075
920000000002073
920000000002065
920000000002070
920000000002062
920000000002057
920000000002041
920000000002015
920000000002011
920000000002051
863930029982104
920000000002023
920000000002049
920000000002021
920000000002017
920000000002037
920000000002031
920000000002028
920000000002047
920000000002039
920000000002013
920000000002026
920000000002035
920000000002019
920000000002043
920000000002033
920000000002009
920000000002007
920000000001989
920000000002001
920000000001985
920000000002003
920000000002005
920000000002089
920000000001993
920000000001991
920000000001983
920000000001995
920000000001987
920000000001997
920000000001973
920000000001969
920000000001975
920000000001965
920000000001979
920000000001977
920000000001971
920000000001999
920000000001981
920000000001938
920000000001907
920000000001934
920000000001931
920000000001903
920000000001963
920000000001959
920000000001961
920000000001624
920000000001789
920000000001782
920000000001627
920000000001936
920000000001756
920000000001613
920000000001750
920000000001735
920000000001733
920000000001766
920000000001677
920000000001737
920000000001777
920000000001671
920000000001764
920000000000994
920000000000967
920000000000970
920000000000907
920000000000895
920000000000945
920000000000990
920000000001090
920000000000947
920000000000980
920000000000964
920000000000984
920000000000893
920000000000885
920000000000900
920000000000912
920000000000953
920000000000940
920000000000902
920000000000890
920000000001003
920000000000872
920000000001010
920000000000874
920000000000960
920000000000898
920000000000909
920000000000988
920000000000957
920000000001014
920000000000998
920000000000844
920000000000804
920000000000842
920000000000807
920000000000836
920000000000834
920000000000820
920000000000846
920000000000830
920000000000832
920000000000816
920000000000798
920000000000822
920000000000800
920000000000811
920000000000809
920000000000840
920000000000818
920000000000838
920000000000698
920000000000719
920000000000768
920000000000713
920000000000734
920000000000758
920000000000700
920000000000745
920000000000752
920000000000717
920000000000696
920000000000736
920000000000766
920000000000711
920000000000770
920000000000707
920000000000709
920000000000774
920000000000748
920000000000728
920000000000740
920000000000754
920000000000772
920000000000756
920000000000750
920000000000731
920000000000547
920000000000551
920000000000549
863930029960015
920000000000569
920000000000541
920000000000545
920000000000543
920000000000553
920000000000561
920000000000565
920000000000539
920000000000469
920000000000525
920000000000483
920000000000489
920000000000507
920000000000527
920000000000514
920000000000503
920000000000505
920000000000486
920000000000500
920000000000531
920000000000474
920000000000476
920000000000529
920000000000480
920000000000516
920000000000495
920000000000493
920000000000520
920000000000512
920000000000522
920000000000491
920000000000446
920000000000430
920000000000439
920000000000427
920000000000451
920000000000444
920000000000432
920000000000420
920000000000453
920000000000434
920000000000437
920000000000418
920000000000441
920000000000425
863930029954271
920000000000385
920000000000400
920000000000334
920000000000336
920000000000327
920000000000331
920000000000302
920000000000306
920000000000311
920000000000315
920000000000304
920000000000237
920000000000243
920000000000276
920000000000254
920000000000278
863930029946058
920000000000245
920000000000281
920000000000249
920000000000267
920000000000261
920000000000271
920000000000247
920000000000274
920000000000241
920000000000283
920000000000285
920000000000185
920000000000197
920000000000224
920000000000190
920000000000203
920000000000214
920000000000212
920000000000222
920000000000201
920000000000232
920000000000192
920000000000230
920000000000208
920000000000206
920000000000188
920000000000216
920000000000195
920000000000228
920000000000220
920000000000178
920000000000144
920000000000174
920000000000164
920000000000172
920000000000148
920000000000154
920000000000181
920000000000158
920000000000168
920000000000170
920000000000138
920000000000142
920000000000126
920000000000095
920000000000089
920000000000097
920000000000269
920000000000118
920000000000104
920000000000113
920000000000091
920000000000106
920000000000134
920000000000083
920000000000087
920000000000085
920000000000102
920000000000122
920000000000124
920000000000093
920000000000120
920000000000136
920000000000110
920000000000108
920000000000152
920000000000099
920000000000391
920000000000067
920000000000053
920000000000079
920000000000058
920000000000065
920000000000081
920000000000075
920000000000061
920000000000049
920000000000073
920000000000069
920000000000071
920000000000077
920000000000055
920000000000063
920000000000029
920000000000035
920000000000039
920000000000037
920000000000033
920000000000047
920000000000027
920000000000041
920000000000044
920000000000031
920000000000023
920000000000025
920000000000021
920000000000015
920000000000019
920000000000013
920000000000017
920000000000005
920000000000011
920000000000003
920000000000007
863930029913649
863930029912692
863930029910878
920000000000009
863930029892973
920000000000847
920000000000843
920000000000851
920000000000841
920000000000828
863930029885810
863930029896658
863930029893311
863930029896916
863930029895394
863930029893478
863930029895452
863930029898762
920000000000780
920000000000788
920000000000782
920000000000790
863930029875414
920000000000792
920000000000778
920000000000760
920000000000762
920000000000738
920000000000742
920000000000389
920000000000720
920000000000710
920000000000708
920000000000712
920000000000702
920000000000683
920000000000681
920000000000677
920000000000689
920000000000679
920000000000687
920000000000669
863930029862229
920000000000663
920000000000671
920000000000659
920000000000661
920000000000667
920000000000652
863930029860279
920000000000650
920000000000648
920000000000638
920000000000642
920000000000640
920000000000617
920000000000631
920000000000610
920000000000629
863930029862133
920000000000612
920000000000627
920000000000622
920000000000587
920000000000599
920000000000597
920000000000589
920000000000591
920000000000601
920000000000603
920000000000560
920000000000568
920000000000579
920000000000558
920000000000570
920000000000550
920000000000583
920000000000577
920000000000552
920000000000581
920000000000540
920000000000548
920000000000536
920000000000542
920000000000501
920000000000490
920000000000498
920000000000487
920000000000511
920000000000521
920000000000509
920000000000519
920000000000492
863930029848104
920000000000393
863930029847112
920000000000477
920000000000458
920000000000448
920000000000472
920000000000470
920000000000463
920000000000440
920000000000452
920000000000461
920000000000450
920000000000467
920000000000428
920000000000423
920000000000426
920000000000388
920000000000408
920000000000438
920000000000390
920000000000402
920000000000416
920000000000410
920000000000404
920000000000421
920000000000412
920000000000392
920000000000517
920000000000371
920000000000367
920000000000379
920000000000381
920000000000357
920000000000361
920000000000350
920000000000317
920000000000319
920000000000348
920000000000338
920000000000321
920000000000342
920000000000297
863930029834826
920000000000292
920000000000290
920000000000279
920000000000277
920000000000352
920000000000239
920000000000244
920000000000259
920000000000257
920000000000251
920000000002415
920000000000160
920000000000177
920000000000223
920000000000221
920000000000210
920000000000198
863930029852763
920000000000217
920000000000231
863930029861151
863930029853232
920000000000310
920000000000162
863930029827675
920000000000207
920000000000227
920000000000001
863930029822654
863930029818226
863930029786370
863930029778423
863930029786366
863930029787576
863930029787590
863930029786249
863930029776164
863930029775695
920000000002084
863930029776544
920000000000743
920000000001920
863930029758054
920000000000723
920000000000729
920000000000721
920000000000739
920000000000662
920000000000690
920000000000666
920000000000660
920000000000658
920000000000688
863930029752918
920000000000668
920000000000727
920000000000618
920000000000608
920000000000628
920000000000632
920000000000620
920000000000630
920000000000571
920000000000567
863930029748401
863930029749652
920000000000563
920000000000537
920000000000557
920000000000460
920000000000499
920000000000447
920000000000443
920000000000737
920000000000429
920000000000419
920000000000462
920000000000481
920000000000454
920000000000479
920000000000468
920000000000411
920000000000417
920000000000397
920000000000369
920000000000401
920000000000409
920000000000403
920000000000387
920000000000399
920000000000347
920000000000341
920000000000343
920000000000363
920000000000329
920000000000349
920000000000359
920000000000339
863930029740144
920000000000323
863930029738880
920000000000179
920000000000252
920000000000163
920000000000218
920000000000072
920000000000112
920000000000050
920000000000048
920000000000150
920000000000169
920000000000088
920000000000082
920000000000078
920000000000128
920000000000074
920000000000012
863930029743769
920000000000977
863930029734630
920000000000905
863930029716863
863930029716646
863930029713978
863930029714007
863930029713918
863930029713920
863930029713982
863930029713974
863930029713964
863930029714427
863930029713944
863930029713970
863930029713989
863930029713880
863930029713960
863930029713972
863930029713968
863930029714021
863930029713962
863930029714003
863930029714143
863930029713948
863930029714025
863930029714154
863930029714016
863930029714014
863930029713994
863930029713966
863930029714147
863930029713942
863930029713922
863930029713992
863930029713938
863930029713878
863930029714001
863930029713976
863930029713950
863930029713980
863930029713958
863930029714018
863930029713987
863930029714169
863930029714005
863930029713956
863930029713930
863930029714009
863930029713999
863930029714159
863930029713914
863930029716016
863930029714150
863930029714141
863930029714023
863930029713940
863930029713952
863930029714392
863930029714145
863930029713926
863930029713954
863930029713985
863930029713924
863930029713936
863930029713934
863930029713946
863930029713996
863930029713628
863930029713024
863930029713932
920000000004011
863930029713928
863930029713255
863930029713648
863930029713568
863930029712965
920000000004023
863930029713087
863930029713565
920000000004021
863930029712311
863930029713608
920000000004031
920000000004027
863930029712544
863930029712127
920000000003989
920000000003999
920000000004001
920000000003991
920000000003981
920000000003983
863930029710595
920000000003969
920000000003868
920000000003863
920000000003851
920000000003857
920000000003859
920000000003849
863930029714019
920000000003847
863930029704341
920000000003843
920000000003839
920000000003837
920000000003841
920000000003828
863930029697201
863930029696363
863930029695821
920000000003822
863930029694486
920000000003820
920000000003818
920000000003792
920000000003812
920000000003802
920000000003790
920000000003808
920000000003779
920000000003769
920000000003781
920000000003767
920000000003717
920000000003703
920000000003721
920000000003699
920000000003682
920000000003748
920000000003730
920000000003723
920000000003728
920000000003732
920000000003738
920000000003680
920000000003697
920000000003671
920000000003689
920000000003629
920000000003627
920000000003643
920000000003631
920000000003637
920000000003600
920000000003610
920000000003588
920000000003550
863930029686914
920000000003552
920000000003572
920000000003598
920000000003558
920000000003568
920000000003612
920000000003562
920000000003582
920000000003602
920000000003570
920000000003548
920000000003590
920000000003580
920000000003511
920000000003527
920000000003521
920000000003536
920000000003538
920000000003529
920000000003592
920000000003517
920000000003523
920000000003542
920000000003540
920000000003519
920000000003507
920000000003497
920000000003503
920000000003499
863930029709983
863930029702003
863930029700247
863930029707113
863930029692995
863930029714148
920000000003478
920000000003458
920000000003460
920000000003470
920000000003472
920000000003480
920000000003487
920000000003468
920000000003509
920000000003462
920000000003482
920000000003442
920000000003452
920000000003440
920000000002478
863930029668195
920000000003448
920000000003450
863930029667838
920000000000962
863930029662912
863930029656524
863930029655707
863930029654764
863930029653010
863930029650989
863930029649069
863930029650092
863930029647995
863930029647790
863930029646774
863930029647016
863930029647000
863930029646163
863930029645954
920000000001926
863930029646296
863930029645967
863930029646136
863930029646260
863930029645346
863930029643581
863930029644091
863930029646544
863930029644208
863930029644652
863930029642256
863930029642729
305000008013069
863930029642754
863930029641791
863930029641164
863930029640942
863930029640917
863930029641275
863930029641301
863930029638680
920000000003831
863930029641411
863930029629585
863930029640229
920000000003772
920000000003765
863930029642273
920000000001922
863930029643853
863930029629010
863930029628188
863930029627968
863930029627715
863930029625869
863930029624746
863930029625205
863930029623127
863930029623920
920000000000497
863930029623726
863930029621729
863930029621277
863930029619162
863930029619258
863930029620137
863930029617597
863930029617536
863930029617312
863930029615207
863930029615064
863930029613265
863930029612471
863930029612290
863930029606412
863930029607115
863930029605635
863930029606087
863930029606333
863930029604228
863930029617718
863930029617714
863930029618531
863930029620802
863930029622445
863930029609023
863930029571199
863930029569168
863930029566859
863930029566093
863930029563520
863930029602239
863930029555756
863930029551392
863930029550311
863930029542353
863930029714120
920000000003788
863930029561017
863930029563667
305000008013612
863930029553189
863930029540055
863930029538623
863930029537628
863930029532725
920000000001013
920000000001035
920000000001025
920000000001021
920000000001015
920000000001006
920000000001031
920000000001029
920000000001037
920000000001004
920000000001039
920000000001023
920000000001027
920000000000974
920000000000961
920000000000976
920000000000966
920000000000982
863930029514547
920000000000917
920000000000776
863930029510430
920000000000744
920000000000746
920000000000706
920000000000716
920000000000724
920000000000730
920000000000732
920000000000714
920000000000726
920000000000722
920000000000704
920000000000718
920000000000694
920000000000678
920000000000682
920000000000664
920000000000676
920000000000680
920000000000672
920000000000686
920000000000684
920000000000670
920000000000674
920000000000656
920000000000654
920000000000644
920000000000646
920000000000377
863930029514394
920000000000636
863930029497628
863930029497668
863930029497585
305000008014194
920000000000616
920000000000626
863930029496437
920000000000614
920000000000624
920000000002109
920000000000602
920000000000604
920000000000606
863930029714068
920000000000219
920000000000600
920000000000771
920000000002107
305000008013602
920000000000464
920000000000442
920000000000436
920000000000466
863930029456400
863930029451400
920000000000353
920000000000365
920000000000355
920000000000333
920000000000325
920000000000303
920000000000291
920000000000255
920000000000182
920000000000209
920000000000166
920000000000184
920000000000194
920000000000196
920000000000204
920000000000213
920000000000180
920000000000176
920000000000202
920000000000200
920000000000156
920000000000132
920000000000140
920000000000146
920000000000130
863930029438706
863930029439504
863930029439334
920000000000114
920000000000116
863930029434748
863930029424929
863930029436348
863930029438908
863930029438911
863930029424012
920000000000263
863930029420467
863930029418760
863930029417139
863930029417267
863930029413714
863930029404987
863930029403805
863930029403120
477711117131117779
4777111171213456311171
4777111171213411171
477711341661171
4777111171311171
47771111713411171
863930029400059
920000000003619
863930029397345
863930029390130
863930029389831
863930029389829
863930029416158
920000000000313
863930029714010
863930029385133
863930029384372
863930029383644
863930029381654
863930029381025
863930029378623
863930029372709
863930029370847
863930029365761
863930029363433
863930029363656
863930029363624
863930029361863
863930029356648
863930029368820
920000000003797
863930029354827
863930029350748
305000008013580
863930029346965
863930029344875
863930029345227
863930029343950
863930029343720
863930029342851
863930029342955
863930029342196
863930029335435
863930029335400
863930029335466
863930029334975
863930029335001
863930029332934
863930029327503
305000008013062
863930029335416
863930029326892
863930029340513
920000000003617
920000000003623
863930029318248
920000000003751
863930029309646
863930029308448
863930029304741
863930029309459
920000000003560
920000000003532
920000000002213
863930029293894
920000000003647
863930029292290
863930029292132
863930029280006
863930029277311
863930029265017
863930029264624
863930029264288
920000000000123
863930029253576
863930029249056
920000000003132
920000000002762
863930029249964
863930029658374
863930029220625
920000000000121
305000008013652
863930029210576
863930029198544
920000000001929
920000000000821
863930029198039
920000000002440
863930029195942
863930029193377
863930029189755
863930029188469
863930029188670
863930029188038
863930029182517
863930029180294
863930029179785
863930029179768
863930029178720
920000000003621
920000000000119
920000000001902
920000000000747
863930029138142
863930029127723
863930029108483
863930029107620
863930029099623
863930029089563
920000000002082
863930029067639
863930029059695
863930029055228
863930029051753
863930029015803
863930029013876
863930029012853
863930029013712
863930029003120
863930029013015
863930028982259
863930028979535
863930028976963
863930028973613
863930028954913
863930028919026
863930028910873
863930028904516
863930028900962
863930028901127
863930028887478
863930028876548
863930028874950
863930028868405
863930028864997
863930028864164
863930028861338
863930028841222
863930028837156
863930028825431
863930029714038
863930028800249
863930028841422
863930028841442
863930028754223
863930028753817
863930028737373
920000000000523
863930028732142
863930028719628
863930028715964
305000008013054
863930028710996
863930028711924
863930028709998
920000000000295
920000000001318
863930027874153
863930027863983
863930027814479
863930029657322
863930027489346
863930027065786
863930026561867
863930026207998
863930025658162
863930025059400
863930024145054
863930023905787
